Stock,Expiry,Strike,Ask,OpenInterest,Volume,IV,DTE,Tags,Action,Score
SOFI,2028-01-21,37.0,1.91,1850,4726,71.41141870117188,663,🚨異常掃貨 🔭LEAPS,STRONG_BUY,6
ASTS,2026-05-15,160.0,0.89,761,1441,115.4301103515625,47,🚨異常掃貨 🚬菸屁股,STRONG_BUY,6
SOFI,2026-05-15,16.0,1.3,1351,4071,72.80300634765625,47,🚨異常掃貨,STRONG_BUY,5
RKLB,2026-07-17,110.0,2.21,1188,1845,88.74522973632811,110,🚨異常掃貨,STRONG_BUY,5
TSLA,2026-04-17,470.0,0.28,43949,26986,50.7817421875,19,🚬菸屁股 🔥萬人塚,HOLD,3
AAPL,2026-05-15,280.0,1.7,23825,22749,28.028063476562494,47,🆕新倉暴量,HOLD,3
NVDA,2026-04-17,185.0,0.92,44550,20239,35.8404853515625,19,🚬菸屁股 🔥萬人塚,HOLD,3
NVDA,2026-05-15,210.0,0.51,40418,17635,37.25648681640625,47,🚬菸屁股 🔥萬人塚,HOLD,3
NVDA,2026-04-17,190.0,0.5,72632,15018,36.08462353515625,19,🚬菸屁股 🔥萬人塚,HOLD,3
SOFI,2026-04-17,18.0,0.18,46635,13446,64.25816992187501,19,🚬菸屁股 🔥萬人塚,HOLD,3
NVDA,2026-04-17,170.0,5.35,19232,11267,40.67442138671875,19,🆕新倉暴量,HOLD,3
NVDA,2026-04-17,175.0,3.2,23628,11224,38.42835009765625,19,🆕新倉暴量,HOLD,3
NVDA,2026-04-17,200.0,0.17,63896,6018,38.574833007812494,19,🚬菸屁股 🔥萬人塚,HOLD,3
SOFI,2026-04-17,17.0,0.36,36589,5148,63.7698935546875,19,🚬菸屁股 🔥萬人塚,HOLD,3
IBIT,2026-04-17,46.0,0.1,39265,4862,50.97705273437501,19,🚬菸屁股 🔥萬人塚,HOLD,3
NVDA,2026-04-17,195.0,0.28,37328,4615,37.11000390625,19,🚬菸屁股 🔥萬人塚,HOLD,3
IBIT,2027-01-15,90.0,0.52,38339,4303,57.129334960937506,292,🚬菸屁股 🔥萬人塚,HOLD,3
PATH,2026-05-15,15.0,0.14,105907,3788,71.87528125,47,🚬菸屁股 🔥萬人塚,HOLD,3
MSTR,2026-05-15,200.0,1.01,7671,2908,78.10080493164062,47,🆕新倉暴量,HOLD,3
U,2026-05-15,20.0,2.44,8689,2733,92.187578125,47,🆕新倉暴量,HOLD,3
NVDA,2026-04-17,210.0,0.08,48747,2268,42.57869921875,19,🚬菸屁股 🔥萬人塚,HOLD,3
IBIT,2026-05-15,45.0,0.64,77514,2124,50.19581054687501,47,🚬菸屁股 🔥萬人塚,HOLD,3
SOFI,2027-01-15,30.0,0.85,65331,2113,68.11555322265626,292,🚬菸屁股 🔥萬人塚,HOLD,3
SOFI,2026-04-17,19.0,0.11,90689,1950,66.79720703125001,19,🚬菸屁股 🔥萬人塚,HOLD,3
IREN,2026-04-17,40.0,1.52,2134,1827,95.312546875,19,🆕新倉暴量,HOLD,3
AAPL,2026-04-17,280.0,0.19,47592,1667,27.00268310546875,19,🚬菸屁股 🔥萬人塚,HOLD,3
HOOD,2026-05-15,80.0,2.53,4948,1252,71.21610815429689,47,🆕新倉暴量,HOLD,3
ACHR,2027-01-15,10.0,0.57,31079,1041,88.2813671875,292,🚬菸屁股 🔥萬人塚,HOLD,3
VRT,2026-04-17,300.0,2.24,2378,977,61.69471899414063,19,🆕新倉暴量,HOLD,3
NVDA,2026-04-17,220.0,0.05,47087,859,47.461462890625,19,🚬菸屁股 🔥萬人塚,HOLD,3
ONDS,2028-01-21,30.0,1.75,56213,813,97.87599780273439,663,🔭LEAPS 🔥萬人塚,HOLD,3
XYZ,2027-01-15,105.0,2.45,1240,806,56.2626444091797,292,🆕新倉暴量,HOLD,3
SMCI,2026-05-15,32.0,0.53,54184,787,89.062609375,47,🚬菸屁股 🔥萬人塚,HOLD,3
MSFT,2026-04-17,500.0,0.05,37958,764,52.539537109375004,19,🚬菸屁股 🔥萬人塚,HOLD,3
RKLB,2026-05-15,75.0,3.95,1307,749,94.31158032226561,47,🆕新倉暴量,HOLD,3
NVDA,2026-04-17,230.0,0.04,34636,707,50.0005,19,🚬菸屁股 🔥萬人塚,HOLD,3
ACHR,2026-07-17,10.0,0.12,48070,476,89.062609375,110,🚬菸屁股 🔥萬人塚,HOLD,3
IBIT,2027-01-15,100.0,0.38,38670,440,58.8871298828125,292,🚬菸屁股 🔥萬人塚,HOLD,3
NVDA,2028-01-21,300.0,15.0,86348,419,49.16737844848633,663,🔭LEAPS 🔥萬人塚,HOLD,3
IBIT,2026-05-15,63.0,0.04,70706,412,62.890996093750005,47,🚬菸屁股 🔥萬人塚,HOLD,3
SOFI,2026-04-17,22.0,0.04,88795,360,82.81267187499999,19,🚬菸屁股 🔥萬人塚,HOLD,3
OPEN,2028-01-21,20.0,3.25,37480,327,25.00075,663,🔭LEAPS 🔥萬人塚,HOLD,3
NVDA,2026-04-17,215.0,0.07,62066,268,44.727115234375,19,🚬菸屁股 🔥萬人塚,HOLD,3
ONDS,2027-01-15,30.0,0.5,70884,268,100.39112304687498,292,🚬菸屁股 🔥萬人塚,HOLD,3
JOBY,2026-04-17,16.0,0.04,76129,239,146.875265625,19,🚬菸屁股 🔥萬人塚,HOLD,3
NVDA,2028-01-21,250.0,22.2,31288,177,49.53511158752442,663,🔭LEAPS 🔥萬人塚,HOLD,3
PATH,2027-01-15,30.0,0.34,34892,161,77.3439765625,292,🚬菸屁股 🔥萬人塚,HOLD,3
NVDA,2028-01-21,400.0,7.4,51516,129,49.3443786315918,663,🔭LEAPS 🔥萬人塚,HOLD,3
OKLO,2028-01-21,200.0,6.77,51848,39,92.95050994873047,663,🔭LEAPS 🔥萬人塚,HOLD,3
IBIT,2026-05-15,62.0,0.08,46107,5,60.15664843750002,47,🚬菸屁股 🔥萬人塚,HOLD,3
NVDA,2026-04-17,180.0,1.75,38879,21182,36.57289990234375,19,🔥萬人塚,HOLD,2
NVDA,2026-05-15,190.0,2.44,56198,8371,37.87903918457031,47,🔥萬人塚,HOLD,2
NVDA,2026-05-15,180.0,5.03,36638,7380,39.75890319824219,47,🔥萬人塚,HOLD,2
NVDA,2027-01-15,200.0,16.75,94083,6303,46.51847915649414,292,🔥萬人塚,HOLD,2
NVDA,2026-05-15,200.0,1.13,95317,5879,37.15883154296875,47,🔥萬人塚,HOLD,2
SOFI,2027-01-15,20.0,2.35,56804,5653,70.0198310546875,292,🔥萬人塚,HOLD,2
NVDA,2026-05-15,195.0,1.68,69135,3524,37.402969726562496,47,🔥萬人塚,HOLD,2
TSLA,2027-01-15,960.0,2.32,122912,1906,54.06540075683595,292,🔥萬人塚,HOLD,2
SOFI,2027-01-15,25.0,1.4,63526,1803,68.4573466796875,292,🔥萬人塚,HOLD,2
NVDA,2027-01-15,250.0,6.73,40147,1801,44.62640823364258,292,🔥萬人塚,HOLD,2
IBIT,2026-05-15,40.0,1.86,38953,1786,52.4418818359375,47,🔥萬人塚,HOLD,2
SOFI,2027-01-15,15.0,4.05,32677,1364,73.5354208984375,292,🔥萬人塚,HOLD,2
NVDA,2027-01-15,300.0,2.77,57770,1095,44.31818377685547,292,🔥萬人塚,HOLD,2
AAPL,2027-01-15,300.0,10.65,52202,1028,30.19784158325196,292,🔥萬人塚,HOLD,2
NVDA,2027-01-15,230.0,9.7,33273,1004,45.15130532836914,292,🔥萬人塚,HOLD,2
NVDA,2027-01-15,180.0,23.9,49993,911,48.160308441162115,292,🔥萬人塚,HOLD,2
MSTR,2026-04-17,135.0,5.22,32246,861,71.81424670410156,19,🔥萬人塚,HOLD,2
IBIT,2027-01-15,50.0,3.67,32808,841,55.50581604003908,292,🔥萬人塚,HOLD,2
PLTR,2026-05-15,150.0,10.2,34307,819,62.63465100097658,47,🔥萬人塚,HOLD,2
NVDA,2027-01-15,210.0,14.0,30042,802,45.98442687988281,292,🔥萬人塚,HOLD,2
PATH,2027-01-15,15.0,1.65,32419,445,75.68383691406251,292,🔥萬人塚,HOLD,2
NVDA,2027-01-15,160.0,33.3,110413,335,50.19581054687501,292,🔥萬人塚,HOLD,2
MSTR,2026-05-15,140.0,8.65,32705,335,76.00121655273439,47,🔥萬人塚,HOLD,2
IBIT,2027-01-15,60.0,2.06,34415,318,54.40719421386719,292,🔥萬人塚,HOLD,2
AAPL,2026-07-17,280.0,5.25,39052,315,28.217270568847653,110,🔥萬人塚,HOLD,2
MSFT,2027-01-15,625.0,1.57,53122,296,33.38079315185547,292,🔥萬人塚,HOLD,2
MSFT,2026-05-15,445.0,1.02,42177,294,36.01138208007812,47,🔥萬人塚,HOLD,2
OPEN,2027-01-15,7.0,1.02,33597,262,94.0430283203125,292,🔥萬人塚,HOLD,2
AAPL,2027-01-15,280.0,16.6,32223,180,31.774058731079098,292,🔥萬人塚,HOLD,2
NVDA,2027-01-15,340.0,1.44,69582,146,44.6294599609375,292,🔥萬人塚,HOLD,2
AAPL,2026-05-15,240.0,18.2,41395,142,37.07948663330078,47,🔥萬人塚,HOLD,2
SOFI,2027-01-15,12.0,5.68,30041,121,81.59198095703124,292,🔥萬人塚,HOLD,2
NVDA,2027-01-15,290.0,3.25,45122,50,44.434149414062496,292,🔥萬人塚,HOLD,2
TSLA,2027-01-15,940.0,2.37,100533,13,53.78464184570313,292,🔥萬人塚,HOLD,2
OPEN,2027-01-15,1.5,6.67,49508,7,0.0010000000000000002,292,🔥萬人塚,HOLD,2
ONDS,2026-04-17,12.0,0.15,10401,11324,111.328568359375,19,🚬菸屁股,HOLD,1
PATH,2026-04-17,13.0,0.12,13354,10698,72.6565234375,19,🚬菸屁股,HOLD,1
IBIT,2026-04-17,45.0,0.14,29620,10071,50.39112109375,19,🚬菸屁股,HOLD,1
GOOG,2026-04-17,320.0,0.21,12186,9347,34.4733115234375,19,🚬菸屁股,HOLD,1
MSFT,2026-04-17,400.0,0.69,19495,7790,30.493859130859374,19,🚬菸屁股,HOLD,1
AMD,2026-04-17,270.0,0.19,12433,7787,56.64105859375,19,🚬菸屁股,HOLD,1
IREN,2026-04-17,50.0,0.27,12707,7613,96.0937890625,19,🚬菸屁股,HOLD,1
IBIT,2028-01-21,100.0,2.5,16142,6076,59.59513061523438,663,🔭LEAPS,HOLD,1
RKLB,2026-04-17,80.0,0.72,10635,6040,90.28330029296875,19,🚬菸屁股,HOLD,1
IBIT,2028-01-21,70.0,5.01,17568,5993,60.412993530273454,663,🔭LEAPS,HOLD,1
SMCI,2026-04-17,25.0,0.64,10997,5858,76.562734375,19,🚬菸屁股,HOLD,1
TSLA,2026-04-17,450.0,0.47,16719,5597,47.33939379882813,19,🚬菸屁股,HOLD,1
IBIT,2026-05-15,48.0,0.38,11514,5194,50.6840869140625,47,🚬菸屁股,HOLD,1
IREN,2026-04-17,60.0,0.11,12306,5114,112.109814453125,19,🚬菸屁股,HOLD,1
MSFT,2026-04-17,410.0,0.39,11328,4560,32.05634350585937,19,🚬菸屁股,HOLD,1
IBIT,2026-05-15,44.0,0.78,14545,4512,50.29346582031251,47,🚬菸屁股,HOLD,1
AMD,2026-04-17,250.0,0.51,11310,4490,52.29539892578124,19,🚬菸屁股,HOLD,1
IBIT,2026-04-17,44.0,0.2,13733,4230,50.19581054687501,19,🚬菸屁股,HOLD,1
TSLA,2026-04-17,460.0,0.36,8124,4162,49.170430175781256,19,🚬菸屁股,HOLD,1
ONDS,2026-04-17,11.0,0.28,26995,3884,107.42233789062503,19,🚬菸屁股,HOLD,1
AAPL,2026-04-17,275.0,0.39,20138,3427,26.51440673828125,19,🚬菸屁股,HOLD,1
ONDS,2026-04-17,10.0,0.46,6477,3343,106.25046875000001,19,🚬菸屁股,HOLD,1
HOOD,2026-04-17,80.0,0.59,26138,3337,65.18589501953126,19,🚬菸屁股,HOLD,1
CRWV,2026-04-17,100.0,0.56,8354,3175,83.74039697265624,19,🚬菸屁股,HOLD,1
ASTS,2026-04-17,120.0,0.66,9968,3117,113.3305114746094,19,🚬菸屁股,HOLD,1
AAPL,2026-04-17,270.0,0.77,22393,3068,26.57544128417969,19,🚬菸屁股,HOLD,1
SOFI,2026-05-15,18.0,0.63,7879,3048,68.65265722656251,47,🚬菸屁股,HOLD,1
TSLA,2026-04-17,435.0,0.77,6424,2964,45.117736328125005,19,🚬菸屁股,HOLD,1
IBIT,2026-04-17,40.0,0.86,25650,2911,50.6840869140625,19,🚬菸屁股,HOLD,1
SOFI,2026-04-17,20.0,0.07,22864,2808,72.26590234375,19,🚬菸屁股,HOLD,1
OPEN,2026-04-17,5.0,0.32,10528,2642,84.76577734374999,19,🚬菸屁股,HOLD,1
SOFI,2026-05-15,20.0,0.3,25789,2530,67.57844921875001,47,🚬菸屁股,HOLD,1
NVDA,2026-05-15,220.0,0.25,26305,2519,38.13538427734374,47,🚬菸屁股,HOLD,1
U,2026-04-17,25.0,0.22,17084,2419,83.39860351562498,19,🚬菸屁股,HOLD,1
PLTR,2026-04-17,170.0,0.59,12331,2412,49.46339599609375,19,🚬菸屁股,HOLD,1
IBIT,2026-04-17,43.0,0.28,20229,2363,50.0005,19,🚬菸屁股,HOLD,1
MSFT,2026-04-17,430.0,0.17,11795,2362,35.889312988281254,19,🚬菸屁股,HOLD,1
MSFT,2026-04-17,415.0,0.31,11086,2357,32.69110278320312,19,🚬菸屁股,HOLD,1
AAPL,2026-05-15,300.0,0.31,21423,2355,27.222407470703118,47,🚬菸屁股,HOLD,1
GOOG,2026-05-15,345.0,0.66,6177,2336,36.31655480957031,47,🚬菸屁股,HOLD,1
PLTR,2026-04-17,165.0,0.99,14258,2284,49.36574072265626,19,🚬菸屁股,HOLD,1
CRWV,2026-04-17,95.0,0.91,4294,2252,83.69156933593749,19,🚬菸屁股,HOLD,1
MSTR,2026-04-17,200.0,0.16,10505,2185,87.695435546875,19,🚬菸屁股,HOLD,1
TDOC,2027-01-15,20.0,0.2,9316,2092,97.460962890625,292,🚬菸屁股,HOLD,1
AAPL,2026-05-15,290.0,0.72,16131,1953,27.45433874511719,47,🚬菸屁股,HOLD,1
MSFT,2026-04-17,420.0,0.25,14135,1922,33.83855224609375,19,🚬菸屁股,HOLD,1
SOFI,2026-05-15,19.0,0.43,4373,1869,67.48079394531253,47,🚬菸屁股,HOLD,1
SOFI,2026-05-15,17.0,0.9,4215,1848,70.117486328125,47,🚬菸屁股,HOLD,1
TSLA,2026-04-17,455.0,0.42,7381,1800,48.242705078125006,19,🚬菸屁股,HOLD,1
MSFT,2026-04-17,395.0,0.96,5524,1796,30.237514038085937,19,🚬菸屁股,HOLD,1
NVDA,2026-05-15,205.0,0.75,6721,1777,37.183245361328126,47,🚬菸屁股,HOLD,1
ONDS,2026-05-15,12.0,0.5,3366,1725,109.57076464843752,47,🚬菸屁股,HOLD,1
OPEN,2026-05-15,10.0,0.04,16859,1666,118.75040625,47,🚬菸屁股,HOLD,1
IBIT,2026-04-17,42.0,0.43,13712,1601,50.0005,19,🚬菸屁股,HOLD,1
TSLA,2026-04-17,430.0,0.92,5632,1578,44.40973559570312,19,🚬菸屁股,HOLD,1
SOFI,2026-04-17,16.0,0.66,2618,1578,66.21127539062502,19,🚬菸屁股,HOLD,1
NVDA,2026-04-17,300.0,0.01,10594,1575,73.437765625,19,🚬菸屁股,HOLD,1
GOOG,2026-04-17,310.0,0.46,8780,1568,32.69110278320312,19,🚬菸屁股,HOLD,1
MSTR,2026-04-17,160.0,0.91,5470,1568,71.53348779296876,19,🚬菸屁股,HOLD,1
PATH,2026-05-15,14.0,0.24,6120,1555,69.92217578125,47,🚬菸屁股,HOLD,1
RKLB,2026-04-17,85.0,0.43,4360,1526,90.62509374999999,19,🚬菸屁股,HOLD,1
ASTS,2026-05-15,180.0,0.5,3179,1462,118.45743896484376,47,🚬菸屁股,HOLD,1
ONDS,2026-04-17,13.0,0.1,5683,1448,115.234798828125,19,🚬菸屁股,HOLD,1
PLTR,2026-05-15,200.0,0.82,8974,1445,57.007265869140625,47,🚬菸屁股,HOLD,1
TSLA,2026-04-17,500.0,0.16,27653,1442,56.34809277343751,19,🚬菸屁股,HOLD,1
NVDA,2028-01-21,410.0,6.9,8401,1425,49.41151663208009,663,🔭LEAPS,HOLD,1
AMD,2026-04-17,260.0,0.3,6138,1421,54.34615966796876,19,🚬菸屁股,HOLD,1
MSFT,2026-04-17,460.0,0.07,10790,1384,43.35994140625,19,🚬菸屁股,HOLD,1
SMCI,2026-04-17,30.0,0.11,9986,1371,81.05487695312499,19,🚬菸屁股,HOLD,1
OPEN,2027-01-15,15.0,0.32,9437,1352,97.85158398437501,292,🚬菸屁股,HOLD,1
ONDS,2026-04-17,9.0,0.81,1242,1347,107.42233789062503,19,🚬菸屁股,HOLD,1
HIMS,2026-04-17,21.0,0.93,16250,1346,86.7188828125,19,🚬菸屁股,HOLD,1
IBIT,2026-05-15,46.0,0.5,11399,1306,50.146982910156254,47,🚬菸屁股,HOLD,1
NVDA,2026-04-17,240.0,0.02,23695,1298,53.51608984375,19,🚬菸屁股,HOLD,1
IBIT,2026-05-15,50.0,0.24,16645,1284,51.562984375,47,🚬菸屁股,HOLD,1
ONDS,2028-01-21,20.0,2.59,12473,1279,100.43995092773437,663,🔭LEAPS,HOLD,1
SOFI,2028-06-16,20.0,5.2,15676,1266,74.04811108398437,810,🔭LEAPS,HOLD,1
U,2026-05-15,25.0,0.95,1222,1258,90.72274902343749,47,🚬菸屁股,HOLD,1
NVDA,2028-01-21,350.0,10.35,21787,1211,49.20094744873047,663,🔭LEAPS,HOLD,1
PLTR,2026-04-17,175.0,0.36,9030,1169,50.19581054687501,19,🚬菸屁股,HOLD,1
HIMS,2026-05-15,30.0,0.56,5670,1137,104.98094384765626,47,🚬菸屁股,HOLD,1
IBIT,2026-04-17,47.0,0.07,15459,1127,52.14891601562499,19,🚬菸屁股,HOLD,1
ACHR,2027-01-15,15.0,0.31,14836,1125,92.57819921875,292,🚬菸屁股,HOLD,1
PLTR,2026-04-17,180.0,0.27,9302,1122,52.4418818359375,19,🚬菸屁股,HOLD,1
SOFI,2028-01-21,20.0,4.5,15926,1101,72.97390307617188,663,🔭LEAPS,HOLD,1
CRWV,2026-04-17,105.0,0.33,23191,1090,83.98453515624999,19,🚬菸屁股,HOLD,1
TSLA,2026-04-17,440.0,0.65,9997,1076,45.85015087890626,19,🚬菸屁股,HOLD,1
TSLA,2026-05-15,500.0,0.9,7077,1074,47.60794580078125,47,🚬菸屁股,HOLD,1
COIN,2026-04-17,230.0,0.39,6248,1071,78.0275634765625,19,🚬菸屁股,HOLD,1
RKLB,2026-04-17,100.0,0.12,15699,1059,99.2187578125,19,🚬菸屁股,HOLD,1
U,2026-04-17,24.0,0.33,17957,1049,83.39860351562498,19,🚬菸屁股,HOLD,1
NVDA,2026-05-15,240.0,0.09,18315,1027,41.8951123046875,47,🚬菸屁股,HOLD,1
HIMS,2026-04-17,30.0,0.12,18094,1004,107.42233789062503,19,🚬菸屁股,HOLD,1
SMCI,2028-01-21,38.0,6.17,1389,1001,93.92095922851563,663,🔭LEAPS,HOLD,1
NBIS,2026-04-17,135.0,0.86,1231,1000,86.2306064453125,19,🚬菸屁股,HOLD,1
U,2026-04-17,21.0,0.97,1975,999,83.789224609375,19,🚬菸屁股,HOLD,1
AMD,2026-04-17,240.0,0.97,8969,976,50.85498364257812,19,🚬菸屁股,HOLD,1
ONDS,2028-01-21,10.0,4.35,8251,951,111.67036352539061,663,🔭LEAPS,HOLD,1
IREN,2026-05-15,70.0,0.27,8543,945,108.203583984375,47,🚬菸屁股,HOLD,1
PLTR,2026-04-17,190.0,0.16,5561,940,57.22699023437501,19,🚬菸屁股,HOLD,1
SOFI,2027-01-15,40.0,0.37,22438,924,69.5315546875,292,🚬菸屁股,HOLD,1
MSTR,2026-04-17,170.0,0.56,5534,905,73.68190380859374,19,🚬菸屁股,HOLD,1
SOFI,2027-01-15,47.0,0.26,16848,888,71.28934960937501,292,🚬菸屁股,HOLD,1
SOFI,2028-06-16,15.0,6.7,9731,884,77.27073510742188,810,🔭LEAPS,HOLD,1
MSFT,2026-05-15,450.0,0.87,12934,875,36.524072265625,47,🚬菸屁股,HOLD,1
ONDS,2026-04-17,15.0,0.06,19934,873,128.90660546875,19,🚬菸屁股,HOLD,1
SOFI,2028-06-16,18.0,5.79,4498,862,75.21997436523438,810,🔭LEAPS,HOLD,1
AAPL,2026-04-17,320.0,0.01,11988,858,35.1568984375,19,🚬菸屁股,HOLD,1
NVDA,2026-04-17,205.0,0.12,9975,847,40.332627929687504,19,🚬菸屁股,HOLD,1
MSTR,2027-01-15,1080.0,0.77,10286,847,98.53517089843751,292,🚬菸屁股,HOLD,1
SOFI,2028-01-21,30.0,2.7,11946,845,70.75224560546876,663,🔭LEAPS,HOLD,1
HIMS,2028-01-21,90.0,2.95,3517,843,99.78027563476562,663,🔭LEAPS,HOLD,1
SOFI,2028-06-16,25.0,4.12,10564,825,72.58328198242188,810,🔭LEAPS,HOLD,1
HOOD,2026-04-17,100.0,0.09,21351,818,82.0314296875,19,🚬菸屁股,HOLD,1
IBIT,2026-04-17,48.0,0.06,12560,810,53.906710937500016,19,🚬菸屁股,HOLD,1
IREN,2026-05-15,60.0,0.6,13782,809,100.9770576171875,47,🚬菸屁股,HOLD,1
ONDS,2026-05-15,10.0,0.94,1298,800,107.61764941406251,47,🚬菸屁股,HOLD,1
AAPL,2026-04-17,285.0,0.12,13236,776,27.588614746093743,19,🚬菸屁股,HOLD,1
IBIT,2026-05-15,60.0,0.05,16762,775,59.375406250000005,47,🚬菸屁股,HOLD,1
IREN,2026-04-17,55.0,0.19,4317,771,108.59420703125,19,🚬菸屁股,HOLD,1
HIMS,2026-04-17,25.0,0.29,16976,769,90.82040429687498,19,🚬菸屁股,HOLD,1
SOFI,2026-04-17,21.0,0.06,20787,759,77.3439765625,19,🚬菸屁股,HOLD,1
MSFT,2026-04-17,405.0,0.51,9864,757,31.104204589843743,19,🚬菸屁股,HOLD,1
RKLB,2026-04-17,90.0,0.26,7521,753,93.164130859375,19,🚬菸屁股,HOLD,1
NVDA,2028-01-21,420.0,6.5,23410,743,49.414568359375004,663,🔭LEAPS,HOLD,1
HOOD,2026-04-17,90.0,0.17,12212,737,70.41045214843751,19,🚬菸屁股,HOLD,1
OPEN,2026-04-17,6.0,0.09,16053,735,89.84385156249999,19,🚬菸屁股,HOLD,1
SOFI,2028-01-21,25.0,3.5,9793,730,71.33817724609376,663,🔭LEAPS,HOLD,1
HOOD,2026-04-17,85.0,0.3,9301,730,67.38313867187502,19,🚬菸屁股,HOLD,1
OPEN,2026-05-15,8.0,0.1,13478,722,104.68797656250001,47,🚬菸屁股,HOLD,1
SOFI,2026-05-15,22.0,0.17,6505,717,71.0940390625,47,🚬菸屁股,HOLD,1
NBIS,2026-04-17,140.0,0.6,3267,673,86.96302099609376,19,🚬菸屁股,HOLD,1
ASTS,2026-04-17,125.0,0.51,4391,669,114.64886425781249,19,🚬菸屁股,HOLD,1
IBIT,2026-05-15,43.0,0.97,5852,664,50.537604003906246,47,🚬菸屁股,HOLD,1
OPEN,2026-05-15,7.0,0.17,20952,661,99.804689453125,47,🚬菸屁股,HOLD,1
AMD,2026-04-17,300.0,0.07,6699,657,63.47692773437501,19,🚬菸屁股,HOLD,1
IREN,2026-04-17,44.0,0.74,2345,651,94.6289599609375,19,🚬菸屁股,HOLD,1
DKNG,2026-05-15,25.0,0.73,4089,646,69.14093359375,47,🚬菸屁股,HOLD,1
RKLB,2026-05-15,100.0,0.96,2331,642,95.82523706054687,47,🚬菸屁股,HOLD,1
U,2027-01-15,55.0,0.69,1304,642,79.101771484375,292,🚬菸屁股,HOLD,1
HIMS,2026-05-15,28.0,0.74,2603,639,101.85595947265624,47,🚬菸屁股,HOLD,1
NVDA,2026-05-15,280.0,0.02,5904,636,50.0005,47,🚬菸屁股,HOLD,1
MSFT,2026-04-17,440.0,0.13,17639,630,38.67248828125,19,🚬菸屁股,HOLD,1
PATH,2026-05-15,20.0,0.04,23387,630,85.937640625,47,🚬菸屁股,HOLD,1
JOBY,2028-01-21,8.0,3.6,1711,629,101.3676806640625,663,🔭LEAPS,HOLD,1
ACHR,2028-01-21,10.0,1.4,14642,629,88.13488427734374,663,🔭LEAPS,HOLD,1
MSFT,2026-04-17,425.0,0.2,6974,626,34.76627734375,19,🚬菸屁股,HOLD,1
SMCI,2026-04-17,24.0,0.86,6347,623,78.51583984375,19,🚬菸屁股,HOLD,1
MSFT,2026-04-17,450.0,0.1,17141,612,41.01621484375,19,🚬菸屁股,HOLD,1
IREN,2028-01-21,90.0,8.44,8910,611,93.99420068359376,663,🔭LEAPS,HOLD,1
HOOD,2026-05-15,100.0,0.5,4900,604,71.3870048828125,47,🚬菸屁股,HOLD,1
ROKU,2026-04-17,110.0,0.36,1458,603,63.574583007812514,19,🚬菸屁股,HOLD,1
U,2027-01-15,60.0,0.55,1582,600,78.46701220703125,292,🚬菸屁股,HOLD,1
ZM,2026-04-17,85.0,0.78,1202,598,43.7505625,19,🚬菸屁股,HOLD,1
SOFI,2028-06-16,30.0,3.31,10186,589,70.84990087890624,810,🔭LEAPS,HOLD,1
NVDA,2028-01-21,200.0,34.56,26173,583,50.61694891357422,663,🔭LEAPS,HOLD,1
NVDA,2026-07-17,250.0,0.61,5105,582,39.8443515625,110,🚬菸屁股,HOLD,1
HOOD,2026-05-15,110.0,0.29,3105,580,74.2190078125,47,🚬菸屁股,HOLD,1
SOFI,2028-01-21,15.0,6.05,12313,578,76.46507910156251,663,🔭LEAPS,HOLD,1
IREN,2026-04-17,48.0,0.36,1929,578,95.6055126953125,19,🚬菸屁股,HOLD,1
OPEN,2026-05-15,5.0,0.58,7377,576,96.0937890625,47,🚬菸屁股,HOLD,1
SOFI,2027-01-15,35.0,0.56,28949,575,68.555001953125,292,🚬菸屁股,HOLD,1
GOOG,2026-04-17,305.0,0.78,5710,572,32.39813696289062,19,🚬菸屁股,HOLD,1
MSFT,2026-05-15,500.0,0.27,10950,571,41.38242211914062,47,🚬菸屁股,HOLD,1
NVDA,2028-01-21,360.0,9.7,5883,570,49.2314647216797,663,🔭LEAPS,HOLD,1
CRWV,2026-05-15,120.0,0.94,2806,569,88.76964355468748,47,🚬菸屁股,HOLD,1
IBIT,2026-04-17,41.0,0.6,11930,568,50.04932763671876,19,🚬菸屁股,HOLD,1
COIN,2026-04-17,220.0,0.6,5368,561,75.7814921875,19,🚬菸屁股,HOLD,1
NVDA,2027-01-15,420.0,0.44,9596,551,45.508357421875004,292,🚬菸屁股,HOLD,1
JOBY,2026-04-17,13.0,0.03,4011,548,117.1879140625,19,🚬菸屁股,HOLD,1
IREN,2028-01-21,110.0,6.7,26301,544,92.89557885742188,663,🔭LEAPS,HOLD,1
IREN,2026-04-17,45.0,0.59,3194,533,93.8477177734375,19,🚬菸屁股,HOLD,1
ACHR,2026-07-17,6.0,0.62,1746,527,83.39860351562498,110,🚬菸屁股,HOLD,1
SOFI,2026-05-15,25.0,0.09,11703,521,76.562734375,47,🚬菸屁股,HOLD,1
SMCI,2026-05-15,35.0,0.34,14672,520,92.0899228515625,47,🚬菸屁股,HOLD,1
OPEN,2028-01-21,15.0,1.14,22608,517,100.48877880859375,663,🔭LEAPS,HOLD,1
SOFI,2026-04-17,30.0,0.02,21860,512,117.1879140625,19,🚬菸屁股,HOLD,1
SMCI,2026-05-15,30.0,0.72,6471,508,88.86729882812499,47,🚬菸屁股,HOLD,1
PATH,2026-04-17,12.0,0.29,4733,507,70.312796875,19,🚬菸屁股,HOLD,1
ONDS,2028-01-21,15.0,3.34,3475,506,101.95361523437501,663,🔭LEAPS,HOLD,1
IONQ,2026-04-17,40.0,0.16,7137,503,96.48441015625,19,🚬菸屁股,HOLD,1
NVDA,2028-01-21,190.0,37.6,10641,499,51.13269082641602,663,🔭LEAPS,HOLD,1
IREN,2026-05-15,65.0,0.4,4714,499,105.2739111328125,47,🚬菸屁股,HOLD,1
SOFI,2026-07-17,20.0,0.84,6847,497,65.820654296875,110,🚬菸屁股,HOLD,1
SMCI,2026-05-15,40.0,0.18,11694,477,97.26565234374999,47,🚬菸屁股,HOLD,1
AAPL,2026-04-17,300.0,0.04,29902,473,31.055376953125,19,🚬菸屁股,HOLD,1
SOFI,2028-06-16,35.0,2.65,4652,464,70.63017651367188,810,🔭LEAPS,HOLD,1
NVDA,2026-07-17,240.0,0.91,6090,463,39.52697192382813,110,🚬菸屁股,HOLD,1
SOFI,2026-05-15,21.0,0.2,4570,462,68.35969140625001,47,🚬菸屁股,HOLD,1
UPST,2028-01-21,47.5,7.83,760,451,89.7339893798828,663,🔭LEAPS,HOLD,1
LUNR,2026-04-17,23.0,0.49,5041,448,117.96916015624998,19,🚬菸屁股,HOLD,1
SMCI,2026-04-17,27.0,0.3,2327,446,76.75804492187501,19,🚬菸屁股,HOLD,1
LUNR,2026-04-17,30.0,0.18,1073,444,140.625296875,19,🚬菸屁股,HOLD,1
JOBY,2027-01-15,15.0,0.81,9197,442,81.5431533203125,292,🚬菸屁股,HOLD,1
PATH,2028-01-21,37.0,1.1,4130,441,75.43969873046875,663,🔭LEAPS,HOLD,1
HIMS,2026-04-17,40.0,0.05,7605,439,148.4377578125,19,🚬菸屁股,HOLD,1
MSFT,2026-04-17,480.0,0.07,19943,436,50.6840869140625,19,🚬菸屁股,HOLD,1
TSLA,2026-04-17,445.0,0.55,5113,433,46.582565429687506,19,🚬菸屁股,HOLD,1
OPEN,2028-01-21,7.0,1.86,11547,433,100.09815576171874,663,🔭LEAPS,HOLD,1
GOOG,2026-04-17,340.0,0.06,11381,427,38.477177734375,19,🚬菸屁股,HOLD,1
SMCI,2026-04-17,26.0,0.48,2605,427,77.148666015625,19,🚬菸屁股,HOLD,1
PATH,2027-01-15,20.0,0.91,27163,425,75.39087109375001,292,🚬菸屁股,HOLD,1
PATH,2028-01-21,10.0,4.65,4777,423,82.0314296875,663,🔭LEAPS,HOLD,1
OPEN,2028-01-21,10.0,1.47,8833,422,100.39112304687498,663,🔭LEAPS,HOLD,1
OPEN,2026-05-15,6.0,0.3,12937,420,96.0937890625,47,🚬菸屁股,HOLD,1
ONDS,2028-01-21,12.0,3.91,9232,420,105.42039477539062,663,🔭LEAPS,HOLD,1
NVDA,2026-05-15,230.0,0.14,25925,412,39.7466962890625,47,🚬菸屁股,HOLD,1
IBIT,2026-04-17,49.0,0.04,5424,411,55.469195312500005,19,🚬菸屁股,HOLD,1
ASTS,2026-04-17,130.0,0.38,2519,408,116.30901220703124,19,🚬菸屁股,HOLD,1
ONDS,2028-01-21,3.0,6.42,1273,401,93.164130859375,663,🔭LEAPS,HOLD,1
PATH,2027-01-15,32.0,0.34,1276,398,77.6369423828125,292,🚬菸屁股,HOLD,1
U,2028-01-21,30.0,4.95,3652,396,74.73169799804688,663,🔭LEAPS,HOLD,1
ACHR,2028-01-21,15.0,0.96,12554,390,89.16026464843749,663,🔭LEAPS,HOLD,1
DKNG,2026-04-17,25.0,0.16,2613,387,61.328511718750015,19,🚬菸屁股,HOLD,1
ACHR,2026-04-17,7.0,0.04,10540,387,92.187578125,19,🚬菸屁股,HOLD,1
MSFT,2026-04-17,550.0,0.03,12078,385,63.67223828125,19,🚬菸屁股,HOLD,1
VCYT,2026-04-17,45.0,0.4,1000,385,81.64080859375,19,🚬菸屁股,HOLD,1
ONDS,2026-05-15,11.0,0.67,775,384,107.22702636718753,47,🚬菸屁股,HOLD,1
HOOD,2026-04-17,95.0,0.11,5788,379,75.586181640625,19,🚬菸屁股,HOLD,1
CRWV,2026-04-17,120.0,0.08,5362,378,87.10950390625,19,🚬菸屁股,HOLD,1
U,2026-04-17,22.0,0.69,2641,371,82.226740234375,19,🚬菸屁股,HOLD,1
CRWV,2026-04-17,110.0,0.19,28090,364,84.37515624999999,19,🚬菸屁股,HOLD,1
HIMS,2026-04-17,22.0,0.72,3501,363,87.30481445312499,19,🚬菸屁股,HOLD,1
CRWV,2026-04-17,115.0,0.12,23681,361,85.54701953125,19,🚬菸屁股,HOLD,1
IREN,2026-05-15,55.0,0.87,5898,359,102.7836892089844,47,🚬菸屁股,HOLD,1
MSFT,2026-04-17,435.0,0.16,5992,357,37.451797363281244,19,🚬菸屁股,HOLD,1
GOOG,2026-04-17,325.0,0.16,7388,351,34.4733115234375,19,🚬菸屁股,HOLD,1
SOFI,2026-07-17,25.0,0.29,4212,351,66.30893066406252,110,🚬菸屁股,HOLD,1
JOBY,2028-01-21,30.0,1.06,1660,351,86.7188828125,663,🔭LEAPS,HOLD,1
JOBY,2028-01-21,32.0,0.97,6665,349,86.27943408203124,663,🔭LEAPS,HOLD,1
NVDA,2028-01-21,210.0,31.8,9066,348,50.281258911132824,663,🔭LEAPS,HOLD,1
IBIT,2027-01-15,110.0,0.31,25724,347,60.547269531250016,292,🚬菸屁股,HOLD,1
SMCI,2026-04-17,31.0,0.08,2620,346,82.42205078125,19,🚬菸屁股,HOLD,1
IONQ,2026-05-15,40.0,0.83,12886,346,95.01958105468748,47,🚬菸屁股,HOLD,1
AAPL,2026-05-15,295.0,0.48,13647,343,27.393304199218747,47,🚬菸屁股,HOLD,1
IBIT,2027-01-15,80.0,0.74,26245,341,55.90864404296876,292,🚬菸屁股,HOLD,1
COIN,2026-04-17,250.0,0.21,5292,341,84.66812207031249,19,🚬菸屁股,HOLD,1
TSLA,2026-05-15,510.0,0.71,8237,340,48.13284289550781,47,🚬菸屁股,HOLD,1
ASTS,2026-04-17,115.0,0.89,1789,337,110.64497802734377,19,🚬菸屁股,HOLD,1
SOFI,2028-06-16,10.0,8.75,3013,337,83.27653442382811,810,🔭LEAPS,HOLD,1
NVDA,2028-01-21,170.0,45.4,6256,336,52.341174835205074,663,🔭LEAPS,HOLD,1
IONQ,2026-04-17,38.0,0.22,768,334,91.4063359375,19,🚬菸屁股,HOLD,1
IBIT,2027-01-15,140.0,0.19,27694,330,65.43003320312502,292,🚬菸屁股,HOLD,1
IBIT,2028-01-21,60.0,6.55,6098,330,61.19423571777345,663,🔭LEAPS,HOLD,1
IBIT,2026-04-17,50.0,0.04,25422,327,57.0316796875,19,🚬菸屁股,HOLD,1
IBIT,2026-05-15,85.0,0.02,8233,326,81.2501875,47,🚬菸屁股,HOLD,1
NBIS,2026-04-17,150.0,0.34,4694,324,90.429783203125,19,🚬菸屁股,HOLD,1
ACHR,2026-04-17,5.0,0.45,1439,323,81.64080859375,19,🚬菸屁股,HOLD,1
SOFI,2026-08-21,25.0,0.53,9394,317,68.555001953125,145,🚬菸屁股,HOLD,1
SOFI,2028-01-21,35.0,2.15,6617,317,71.82645361328125,663,🔭LEAPS,HOLD,1
HIMS,2026-04-17,28.0,0.15,4854,312,99.2187578125,19,🚬菸屁股,HOLD,1
IBIT,2028-06-16,40.0,13.4,6668,310,66.78500012207034,810,🔭LEAPS,HOLD,1
NVDA,2026-05-15,270.0,0.04,11138,308,48.242705078125006,47,🚬菸屁股,HOLD,1
HOOD,2026-04-17,105.0,0.08,2736,303,87.10950390625,19,🚬菸屁股,HOLD,1
OPEN,2026-04-17,7.0,0.04,5676,302,100.0005,19,🚬菸屁股,HOLD,1
PATH,2027-01-15,25.0,0.55,13846,299,75.68383691406251,292,🚬菸屁股,HOLD,1
ACHR,2027-01-15,27.0,0.13,4928,299,104.29735351562503,292,🚬菸屁股,HOLD,1
OKLO,2026-04-17,65.0,0.72,3931,297,90.82040429687498,19,🚬菸屁股,HOLD,1
PLTR,2026-04-17,200.0,0.09,8799,291,61.133201171875015,19,🚬菸屁股,HOLD,1
ACHR,2026-07-17,8.0,0.27,3246,291,84.961087890625,110,🚬菸屁股,HOLD,1
GOOG,2026-04-17,330.0,0.11,18621,290,35.986968261718744,19,🚬菸屁股,HOLD,1
SOFI,2026-07-17,22.0,0.55,1694,288,65.52768847656252,110,🚬菸屁股,HOLD,1
SOFI,2026-05-15,24.0,0.11,5147,287,74.804939453125,47,🚬菸屁股,HOLD,1
PATH,2026-05-15,12.0,0.64,6424,277,70.117486328125,47,🚬菸屁股,HOLD,1
ZM,2026-05-15,100.0,0.38,1388,273,46.973186523437505,47,🚬菸屁股,HOLD,1
ACHR,2027-01-15,17.0,0.25,7694,271,93.7500625,292,🚬菸屁股,HOLD,1
IONQ,2026-05-15,45.0,0.49,6453,269,98.82813671875,47,🚬菸屁股,HOLD,1
ACHR,2026-04-17,6.0,0.12,6071,265,81.2501875,19,🚬菸屁股,HOLD,1
SOFI,2028-01-21,23.0,3.84,2695,264,72.07059179687501,663,🔭LEAPS,HOLD,1
HIMS,2026-05-15,31.0,0.51,832,261,104.98094384765626,47,🚬菸屁股,HOLD,1
ONDS,2027-01-15,25.0,0.77,10522,261,99.5117236328125,292,🚬菸屁股,HOLD,1
MSFT,2026-05-15,460.0,0.65,7331,259,37.21986608886719,47,🚬菸屁股,HOLD,1
SOFI,2026-04-17,25.0,0.03,20944,254,100.78174609374999,19,🚬菸屁股,HOLD,1
HIMS,2026-04-17,23.0,0.52,2474,253,88.08605664062499,19,🚬菸屁股,HOLD,1
CRWV,2026-04-17,97.5,0.73,1528,252,83.20329296874999,19,🚬菸屁股,HOLD,1
HIMS,2028-01-21,20.0,9.28,2658,250,97.72951489257812,663,🔭LEAPS,HOLD,1
GOOG,2026-04-17,335.0,0.1,5418,248,36.7193828125,19,🚬菸屁股,HOLD,1
PLTR,2026-04-17,220.0,0.07,6610,248,71.679970703125,19,🚬菸屁股,HOLD,1
IREN,2028-01-21,100.0,7.3,2527,248,92.94440649414062,663,🔭LEAPS,HOLD,1
ASTS,2026-04-17,140.0,0.26,1104,247,128.02770361328123,19,🚬菸屁股,HOLD,1
NVDA,2028-01-21,150.0,54.45,8101,244,53.93112475585939,663,🔭LEAPS,HOLD,1
CRWV,2026-04-17,130.0,0.04,24062,244,91.4063359375,19,🚬菸屁股,HOLD,1
PLTR,2026-04-17,185.0,0.16,8688,243,53.906710937500016,19,🚬菸屁股,HOLD,1
IREN,2026-04-17,43.0,0.88,3042,242,93.6524072265625,19,🚬菸屁股,HOLD,1
SOFI,2026-05-15,23.0,0.12,7050,241,72.6565234375,47,🚬菸屁股,HOLD,1
NTLA,2026-04-17,12.5,0.95,1977,241,85.35170898437501,19,🚬菸屁股,HOLD,1
HIMS,2026-04-17,26.0,0.24,2152,239,93.7500625,19,🚬菸屁股,HOLD,1
ACHR,2026-04-17,12.0,0.01,8451,237,143.75028125,19,🚬菸屁股,HOLD,1
ACHR,2028-01-21,7.0,1.87,17656,237,89.94150683593749,663,🔭LEAPS,HOLD,1
SOFI,2028-01-21,40.0,1.73,11219,235,69.99541723632812,663,🔭LEAPS,HOLD,1
SMR,2028-01-21,30.0,2.9,1141,235,105.2739111328125,663,🔭LEAPS,HOLD,1
OPEN,2026-08-21,7.0,0.48,8305,232,93.55475195312499,145,🚬菸屁股,HOLD,1
AAPL,2026-04-17,310.0,0.03,5203,231,35.938140624999996,19,🚬菸屁股,HOLD,1
OPEN,2028-01-21,12.0,1.29,3056,231,98.1445498046875,663,🔭LEAPS,HOLD,1
U,2026-05-15,27.0,0.48,989,229,91.6993017578125,47,🚬菸屁股,HOLD,1
IBIT,2028-01-21,140.0,1.17,26985,228,59.83926879882813,663,🔭LEAPS,HOLD,1
JOBY,2027-01-15,30.0,0.23,6826,228,89.062609375,292,🚬菸屁股,HOLD,1
RKLB,2026-04-17,95.0,0.19,3757,227,102.73486132812502,19,🚬菸屁股,HOLD,1
SOFI,2026-07-17,21.0,0.66,8799,224,65.62534375000001,110,🚬菸屁股,HOLD,1
BEAM,2028-01-21,40.0,6.3,1737,224,82.58074060058591,663,🔭LEAPS,HOLD,1
NVDA,2028-01-21,270.0,18.9,6801,223,49.31843894958497,663,🔭LEAPS,HOLD,1
BEAM,2028-01-21,50.0,5.0,1714,222,76.78245874023439,663,🔭LEAPS,HOLD,1
ACHR,2028-01-21,27.0,0.52,16130,222,92.773509765625,663,🔭LEAPS,HOLD,1
NVDA,2028-01-21,185.0,39.46,12197,221,51.413449737548824,663,🔭LEAPS,HOLD,1
NVDA,2028-01-21,180.0,41.48,14945,220,51.675898284912115,663,🔭LEAPS,HOLD,1
SOFI,2026-04-17,26.0,0.02,6815,218,102.34423828125001,19,🚬菸屁股,HOLD,1
PATH,2026-04-17,15.0,0.04,17511,217,78.9064609375,19,🚬菸屁股,HOLD,1
TSLA,2028-01-21,800.0,26.22,6761,215,53.802952209472664,663,🔭LEAPS,HOLD,1
ASTS,2026-04-17,150.0,0.19,2192,215,136.62141064453124,19,🚬菸屁股,HOLD,1
ONDS,2028-01-21,17.0,2.99,8456,215,101.172369140625,663,🔭LEAPS,HOLD,1
SMR,2026-04-17,13.0,0.25,2642,214,99.60937890625,19,🚬菸屁股,HOLD,1
SMR,2026-04-17,15.0,0.09,4607,213,100.0005,19,🚬菸屁股,HOLD,1
NVDA,2028-01-21,220.0,28.89,7578,212,50.16834500122071,663,🔭LEAPS,HOLD,1
OPEN,2026-08-21,10.0,0.23,7817,212,92.57819921875,145,🚬菸屁股,HOLD,1
LUNR,2026-04-17,25.0,0.34,1160,212,131.8362783203125,19,🚬菸屁股,HOLD,1
SMCI,2026-04-17,28.0,0.2,10627,210,79.687703125,19,🚬菸屁股,HOLD,1
SOFI,2026-05-15,39.0,0.02,1931,210,103.90673046875003,47,🚬菸屁股,HOLD,1
SOFI,2028-01-21,18.0,5.05,3082,209,73.97486962890623,663,🔭LEAPS,HOLD,1
ONDS,2028-01-21,27.0,1.96,4449,209,100.39112304687498,663,🔭LEAPS,HOLD,1
PATH,2026-08-21,20.0,0.39,4869,208,78.51583984375,145,🚬菸屁股,HOLD,1
ONDS,2028-01-21,7.0,5.4,4699,208,109.18014160156251,663,🔭LEAPS,HOLD,1
SMCI,2026-04-17,37.0,0.06,2289,207,106.25046875000001,19,🚬菸屁股,HOLD,1
IREN,2028-01-21,80.0,9.25,5790,207,93.24347576904297,663,🔭LEAPS,HOLD,1
XYZ,2026-04-17,65.0,0.45,2975,207,52.393054199218746,19,🚬菸屁股,HOLD,1
JOBY,2028-01-21,10.0,3.09,6643,207,87.2071591796875,663,🔭LEAPS,HOLD,1
TSLA,2026-05-15,990.0,0.03,20085,206,84.76577734374999,47,🚬菸屁股,HOLD,1
ONDS,2026-05-15,15.0,0.22,3065,206,111.71919140624999,47,🚬菸屁股,HOLD,1
MSFT,2026-05-15,480.0,0.39,5073,205,39.30724755859375,47,🚬菸屁股,HOLD,1
SOFI,2028-01-21,8.0,9.65,783,205,88.08605664062499,663,🔭LEAPS,HOLD,1
IREN,2026-05-15,90.0,0.09,2966,204,116.01604492187501,47,🚬菸屁股,HOLD,1
OPEN,2027-01-15,10.0,0.58,25899,203,95.11723632812499,292,🚬菸屁股,HOLD,1
GOOG,2026-05-15,340.0,0.87,10652,202,36.133451171874995,47,🚬菸屁股,HOLD,1
SMCI,2026-04-17,32.0,0.07,4908,202,87.500125,19,🚬菸屁股,HOLD,1
DKNG,2027-01-15,50.0,0.36,14486,202,59.96133789062501,292,🚬菸屁股,HOLD,1
TSLA,2026-04-17,475.0,0.26,5257,200,51.8559501953125,19,🚬菸屁股,HOLD,1
U,2026-05-15,60.0,0.06,3058,200,130.46909765624997,47,🚬菸屁股,HOLD,1
ONDS,2028-01-21,25.0,2.1,1175,198,100.63526245117185,663,🔭LEAPS,HOLD,1
NVDA,2026-05-15,250.0,0.07,17640,197,44.0435283203125,47,🚬菸屁股,HOLD,1
HIMS,2026-04-17,27.0,0.17,6863,197,96.48441015625,19,🚬菸屁股,HOLD,1
ACHR,2026-05-15,7.0,0.16,1286,197,88.2813671875,47,🚬菸屁股,HOLD,1
SOFI,2028-06-16,23.0,4.5,3479,196,73.29128271484375,810,🔭LEAPS,HOLD,1
SMCI,2026-04-17,35.0,0.06,7858,194,98.437515625,19,🚬菸屁股,HOLD,1
SOFI,2028-06-16,47.0,1.82,7478,194,69.94658959960938,810,🔭LEAPS,HOLD,1
HOOD,2026-05-15,95.0,0.73,2733,194,70.8010732421875,47,🚬菸屁股,HOLD,1
SOFI,2027-01-15,37.0,0.44,3194,193,69.2385888671875,292,🚬菸屁股,HOLD,1
SMR,2027-01-15,40.0,0.62,2487,190,106.54343603515626,292,🚬菸屁股,HOLD,1
NVDA,2028-01-21,175.0,43.2,10420,188,51.974967559814445,663,🔭LEAPS,HOLD,1
MSFT,2028-01-21,500.0,26.3,5208,185,34.50382879638671,663,🔭LEAPS,HOLD,1
OKLO,2026-04-17,70.0,0.4,2750,185,92.6758544921875,19,🚬菸屁股,HOLD,1
PATH,2026-05-15,13.0,0.37,4807,185,69.14093359375,47,🚬菸屁股,HOLD,1
AAPL,2026-05-15,350.0,0.01,14041,181,32.422550781249996,47,🚬菸屁股,HOLD,1
IONQ,2026-05-15,70.0,0.08,1586,181,117.57853710937498,47,🚬菸屁股,HOLD,1
SOFI,2026-05-15,37.0,0.04,906,180,107.81296093750001,47,🚬菸屁股,HOLD,1
SOFI,2026-05-15,30.0,0.06,13588,179,104.68797656250001,47,🚬菸屁股,HOLD,1
ROKU,2026-04-17,105.0,0.7,760,179,62.59803027343751,19,🚬菸屁股,HOLD,1
IREN,2026-05-15,110.0,0.06,8287,177,124.60975195312498,47,🚬菸屁股,HOLD,1
SMR,2026-04-17,16.0,0.07,1285,177,122.65663671875001,19,🚬菸屁股,HOLD,1
SOFI,2026-04-17,24.0,0.04,13315,175,93.7500625,19,🚬菸屁股,HOLD,1
PATH,2026-05-15,18.0,0.06,5245,175,91.79695703125,47,🚬菸屁股,HOLD,1
HOOD,2026-04-17,160.0,0.02,1849,175,121.875390625,19,🚬菸屁股,HOLD,1
ACHR,2027-01-15,12.0,0.44,14806,171,89.062609375,292,🚬菸屁股,HOLD,1
SOFI,2028-06-16,40.0,2.3,4477,170,70.23955541992189,810,🔭LEAPS,HOLD,1
ACHR,2026-07-17,7.0,0.4,25349,170,83.98453515624999,110,🚬菸屁股,HOLD,1
U,2026-04-17,35.0,0.03,3492,168,111.71919140624999,19,🚬菸屁股,HOLD,1
ASTS,2026-04-17,135.0,0.35,4232,167,123.34022705078125,19,🚬菸屁股,HOLD,1
HIMS,2027-01-15,90.0,0.85,3685,167,106.49460815429688,292,🚬菸屁股,HOLD,1
HIMS,2026-04-17,32.0,0.1,2361,166,114.45355273437498,19,🚬菸屁股,HOLD,1
SMCI,2027-01-15,70.0,0.77,7335,165,85.79115771484375,292,🚬菸屁股,HOLD,1
RKLB,2026-07-17,145.0,0.8,3144,161,91.84578466796876,110,🚬菸屁股,HOLD,1
IONQ,2026-05-15,50.0,0.3,2106,161,100.68409033203123,47,🚬菸屁股,HOLD,1
JOBY,2028-01-21,20.0,1.7,5721,161,85.4493642578125,663,🔭LEAPS,HOLD,1
DKNG,2026-04-17,27.5,0.05,10248,160,64.8441015625,19,🚬菸屁股,HOLD,1
ACHR,2026-05-15,6.0,0.35,1436,160,87.30481445312499,47,🚬菸屁股,HOLD,1
ASTS,2026-04-17,170.0,0.12,1125,158,144.922150390625,19,🚬菸屁股,HOLD,1
IREN,2028-01-21,105.0,7.22,1755,158,92.78571667480469,663,🔭LEAPS,HOLD,1
NVDA,2026-04-17,370.0,0.01,6209,157,96.87503124999999,19,🚬菸屁股,HOLD,1
SMR,2026-05-15,15.0,0.4,1714,157,106.25046875000001,47,🚬菸屁股,HOLD,1
TSLA,2026-04-17,990.0,0.01,22405,156,115.625421875,19,🚬菸屁股,HOLD,1
AMD,2026-05-15,290.0,0.95,6488,155,58.20354296875,47,🚬菸屁股,HOLD,1
SMR,2028-01-21,20.0,3.75,1519,155,108.984830078125,663,🔭LEAPS,HOLD,1
HOOD,2026-04-17,110.0,0.1,6202,154,91.79695703125,19,🚬菸屁股,HOLD,1
U,2026-04-17,26.0,0.13,1107,153,82.42205078125,19,🚬菸屁股,HOLD,1
MSTR,2026-04-17,250.0,0.06,15001,152,103.90673046875003,19,🚬菸屁股,HOLD,1
SOFI,2026-08-21,24.0,0.62,1388,152,67.43196630859377,145,🚬菸屁股,HOLD,1
ONDS,2027-01-15,22.0,0.98,1808,152,100.68409033203123,292,🚬菸屁股,HOLD,1
IBIT,2028-01-21,50.0,8.69,6615,151,62.53699572753908,663,🔭LEAPS,HOLD,1
SOFI,2028-01-21,27.0,3.1,3945,151,71.04521142578125,663,🔭LEAPS,HOLD,1
TDOC,2026-04-17,5.0,0.46,4587,151,62.890996093750005,19,🚬菸屁股,HOLD,1
NTLA,2026-04-17,15.0,0.25,3810,151,84.37515624999999,19,🚬菸屁股,HOLD,1
ONDS,2026-04-17,14.0,0.08,2159,151,122.65663671875001,19,🚬菸屁股,HOLD,1
ONDS,2028-01-21,5.0,5.78,3756,151,106.83640332031253,663,🔭LEAPS,HOLD,1
JOBY,2026-07-17,11.0,0.57,10233,151,77.929908203125,110,🚬菸屁股,HOLD,1
IONQ,2026-04-17,45.0,0.09,5431,149,101.95361523437501,19,🚬菸屁股,HOLD,1
IBIT,2026-05-15,54.0,0.11,5765,146,54.49264257812501,47,🚬菸屁股,HOLD,1
CRWV,2026-04-17,125.0,0.07,1730,146,94.14068359375,19,🚬菸屁股,HOLD,1
OKLO,2026-04-17,100.0,0.07,1761,145,123.43788281249999,19,🚬菸屁股,HOLD,1
HOOD,2026-05-15,120.0,0.16,3111,145,77.53928710937501,47,🚬菸屁股,HOLD,1
OPEN,2026-04-17,4.0,0.83,6426,145,88.2813671875,19,🚬菸屁股,HOLD,1
SOFI,2028-06-16,45.0,1.93,3339,144,69.77569287109377,810,🔭LEAPS,HOLD,1
HOOD,2026-05-15,105.0,0.37,1701,143,72.1682470703125,47,🚬菸屁股,HOLD,1
JOBY,2028-01-21,12.0,2.7,3610,143,84.22867333984375,663,🔭LEAPS,HOLD,1
AAPL,2026-05-15,310.0,0.14,15765,142,28.174546386718745,47,🚬菸屁股,HOLD,1
SOFI,2026-07-17,27.0,0.2,1236,139,68.26203613281253,110,🚬菸屁股,HOLD,1
SOFI,2026-07-17,30.0,0.17,6961,138,72.6565234375,110,🚬菸屁股,HOLD,1
SOFI,2026-07-17,24.0,0.36,1151,136,66.79720703125001,110,🚬菸屁股,HOLD,1
PATH,2026-08-21,15.0,0.82,3386,135,76.80687255859377,145,🚬菸屁股,HOLD,1
ONDS,2028-01-21,2.0,7.0,1042,133,85.1563984375,663,🔭LEAPS,HOLD,1
NVDA,2026-04-17,260.0,0.01,17766,131,60.15664843750002,19,🚬菸屁股,HOLD,1
DKNG,2026-04-17,30.0,0.03,2132,129,83.98453515624999,19,🚬菸屁股,HOLD,1
IREN,2026-04-17,65.0,0.06,3061,128,119.141029296875,19,🚬菸屁股,HOLD,1
IREN,2026-04-17,47.0,0.43,1301,126,97.85158398437501,19,🚬菸屁股,HOLD,1
IBIT,2028-06-16,35.0,15.44,5177,125,68.8052435913086,810,🔭LEAPS,HOLD,1
DKNG,2026-08-21,32.5,0.57,4602,125,58.789474609375006,145,🚬菸屁股,HOLD,1
IONQ,2026-04-17,35.0,0.44,12432,124,89.74619628906248,19,🚬菸屁股,HOLD,1
OPEN,2026-08-21,6.0,0.73,2245,124,92.2852333984375,145,🚬菸屁股,HOLD,1
OPEN,2026-08-21,8.0,0.4,4750,122,90.039162109375,145,🚬菸屁股,HOLD,1
JOBY,2027-01-15,22.0,0.43,4397,122,83.30094824218747,292,🚬菸屁股,HOLD,1
IBIT,2026-05-15,75.0,0.02,13680,120,72.6565234375,47,🚬菸屁股,HOLD,1
TDOC,2028-01-21,7.0,1.74,1562,120,81.15253222656249,663,🔭LEAPS,HOLD,1
HIMS,2026-04-17,24.0,0.39,3274,120,88.476677734375,19,🚬菸屁股,HOLD,1
JOBY,2026-07-17,10.0,0.77,2015,120,78.0275634765625,110,🚬菸屁股,HOLD,1
JOBY,2026-04-17,11.0,0.06,9854,119,86.32826171875,19,🚬菸屁股,HOLD,1
IREN,2026-04-17,46.0,0.51,7329,118,95.01958105468748,19,🚬菸屁股,HOLD,1
SMR,2026-05-15,12.0,0.98,916,117,102.1489267578125,47,🚬菸屁股,HOLD,1
SOFI,2026-04-17,35.0,0.01,10525,115,146.875265625,19,🚬菸屁股,HOLD,1
HOOD,2026-04-17,140.0,0.02,3673,115,123.43788281249999,19,🚬菸屁股,HOLD,1
SOFI,2026-07-17,28.0,0.2,3239,114,70.9963837890625,110,🚬菸屁股,HOLD,1
IBIT,2028-06-16,100.0,3.8,24467,113,61.365132446289074,810,🔭LEAPS,HOLD,1
PATH,2028-01-21,30.0,1.4,5527,113,79.05294384765625,663,🔭LEAPS,HOLD,1
SMR,2026-08-21,35.0,0.2,2969,113,113.0863720703125,145,🚬菸屁股,HOLD,1
ACHR,2027-01-15,20.0,0.21,17719,112,97.6562734375,292,🚬菸屁股,HOLD,1
AMD,2026-05-15,300.0,0.72,8545,111,59.2045095214844,47,🚬菸屁股,HOLD,1
MSFT,2027-01-15,800.0,0.32,9866,111,36.304347900390624,292,🚬菸屁股,HOLD,1
IBIT,2027-01-15,75.0,0.92,13143,111,55.322712402343754,292,🚬菸屁股,HOLD,1
SOFI,2026-05-15,32.0,0.06,1434,110,112.109814453125,47,🚬菸屁股,HOLD,1
JOBY,2026-07-17,15.0,0.19,3494,110,83.789224609375,110,🚬菸屁股,HOLD,1
SMR,2026-04-17,12.0,0.43,3486,109,98.04689453125,19,🚬菸屁股,HOLD,1
SMR,2026-08-21,20.0,0.73,1972,109,101.3676806640625,145,🚬菸屁股,HOLD,1
NVDA,2028-01-21,195.0,35.96,6164,108,50.89465609741212,663,🔭LEAPS,HOLD,1
SOFI,2026-05-15,29.0,0.07,3749,108,88.67198828125,47,🚬菸屁股,HOLD,1
HOOD,2028-01-21,290.0,2.32,3010,108,66.57748266601564,663,🔭LEAPS,HOLD,1
HIMS,2026-05-15,40.0,0.21,6037,108,116.01604492187501,47,🚬菸屁股,HOLD,1
SMR,2026-04-17,14.0,0.16,2981,108,104.68797656250001,19,🚬菸屁股,HOLD,1
TDOC,2026-05-15,6.0,0.32,1160,107,87.500125,47,🚬菸屁股,HOLD,1
NVDA,2028-01-21,280.0,17.45,6883,106,49.265033721923835,663,🔭LEAPS,HOLD,1
AAPL,2026-05-15,320.0,0.09,9189,105,29.395237304687495,47,🚬菸屁股,HOLD,1
SOFI,2027-01-15,32.0,0.72,14160,105,68.4573466796875,292,🚬菸屁股,HOLD,1
U,2026-05-15,30.0,0.32,1459,104,92.38288867187501,47,🚬菸屁股,HOLD,1
HOOD,2026-07-17,140.0,0.31,2825,104,70.21514160156251,110,🚬菸屁股,HOLD,1
JOBY,2026-07-17,14.0,0.25,928,104,82.51970605468748,110,🚬菸屁股,HOLD,1
ACHR,2028-01-21,5.0,2.4,4024,104,89.64854101562499,663,🔭LEAPS,HOLD,1
UPST,2026-04-17,30.0,0.46,2381,103,83.98453515624999,19,🚬菸屁股,HOLD,1
TDOC,2027-01-15,25.0,0.16,2584,103,103.32079589843752,292,🚬菸屁股,HOLD,1
SMR,2026-05-15,13.0,0.71,1405,103,104.10204199218754,47,🚬菸屁股,HOLD,1
PATH,2026-08-21,16.0,0.67,1754,102,79.73653076171875,145,🚬菸屁股,HOLD,1
HOOD,2028-01-21,150.0,8.49,2687,102,67.30379376220705,663,🔭LEAPS,HOLD,1
IONQ,2027-01-15,110.0,0.85,1309,101,90.47861083984375,292,🚬菸屁股,HOLD,1
PATH,2026-04-17,11.0,0.58,3147,101,70.898728515625,19,🚬菸屁股,HOLD,1
OPEN,2026-05-15,13.0,0.03,1736,101,131.25034374999998,47,🚬菸屁股,HOLD,1
OPEN,2026-08-21,9.0,0.29,2381,101,91.01571484374999,145,🚬菸屁股,HOLD,1
OPEN,2028-01-21,5.0,2.27,6850,101,102.05127099609376,663,🔭LEAPS,HOLD,1
AMD,2026-04-17,310.0,0.06,5683,100,64.8441015625,19,🚬菸屁股,HOLD,1
IBIT,2026-05-15,70.0,0.02,19070,100,67.96907031250001,47,🚬菸屁股,HOLD,1
SOFI,2026-04-17,23.0,0.04,7246,100,92.187578125,19,🚬菸屁股,HOLD,1
PATH,2026-08-21,18.0,0.45,16305,100,76.07445800781252,145,🚬菸屁股,HOLD,1
TDOC,2027-01-15,15.0,0.29,6987,100,89.257919921875,292,🚬菸屁股,HOLD,1
HIMS,2026-05-15,50.0,0.12,1469,100,126.172244140625,47,🚬菸屁股,HOLD,1
HIMS,2028-01-21,80.0,3.57,936,100,96.61868615722658,663,🔭LEAPS,HOLD,1
CRWV,2026-04-17,140.0,0.04,2266,100,94.5313046875,19,🚬菸屁股,HOLD,1
SMCI,2027-01-15,85.0,0.5,3450,99,87.84191845703124,292,🚬菸屁股,HOLD,1
SOFI,2026-08-21,35.0,0.17,1191,99,73.34011035156249,145,🚬菸屁股,HOLD,1
U,2027-01-15,50.0,0.84,3333,99,78.0275634765625,292,🚬菸屁股,HOLD,1
U,2027-01-15,45.0,0.99,1216,98,76.46507910156251,292,🚬菸屁股,HOLD,1
HIMS,2028-01-21,40.0,6.25,1632,97,97.6562734375,663,🔭LEAPS,HOLD,1
HIMS,2026-05-15,35.0,0.31,2266,95,109.76607617187501,47,🚬菸屁股,HOLD,1
AAPL,2028-01-21,300.0,26.75,5519,94,33.19158605957031,663,🔭LEAPS,HOLD,1
SOFI,2026-07-17,26.0,0.26,3350,94,68.65265722656251,110,🚬菸屁股,HOLD,1
TDOC,2027-01-15,12.5,0.37,1741,94,86.0352958984375,292,🚬菸屁股,HOLD,1
NTLA,2026-04-17,14.0,0.41,1389,94,85.35170898437501,19,🚬菸屁股,HOLD,1
ACHR,2026-07-17,15.0,0.05,1342,93,103.12548437500001,110,🚬菸屁股,HOLD,1
SOFI,2026-08-21,23.0,0.74,1775,92,69.14093359375,145,🚬菸屁股,HOLD,1
ACHR,2026-04-17,8.0,0.02,10745,92,106.25046875000001,19,🚬菸屁股,HOLD,1
SMR,2026-05-15,21.0,0.11,1479,92,107.42233789062503,47,🚬菸屁股,HOLD,1
RKLB,2026-04-17,110.0,0.07,4662,91,106.64109179687502,19,🚬菸屁股,HOLD,1
PATH,2026-04-17,14.0,0.08,4482,91,76.562734375,19,🚬菸屁股,HOLD,1
SMR,2026-05-15,16.0,0.32,911,91,105.46922265625001,47,🚬菸屁股,HOLD,1
SOFI,2026-05-15,47.0,0.02,925,90,131.25034374999998,47,🚬菸屁股,HOLD,1
DKNG,2026-05-15,52.5,0.12,2404,90,112.5004375,47,🚬菸屁股,HOLD,1
XYZ,2026-04-17,80.0,0.1,1413,90,70.312796875,19,🚬菸屁股,HOLD,1
JOBY,2027-01-15,20.0,0.48,12238,90,83.49625878906248,292,🚬菸屁股,HOLD,1
XYZ,2026-04-17,70.0,0.12,5347,89,53.320779296874996,19,🚬菸屁股,HOLD,1
DKNG,2026-05-15,30.0,0.18,13776,88,67.38313867187502,47,🚬菸屁股,HOLD,1
XYZ,2026-04-17,75.0,0.06,1971,88,55.078574218750006,19,🚬菸屁股,HOLD,1
IREN,2026-05-15,80.0,0.15,3052,87,117.1879140625,47,🚬菸屁股,HOLD,1
HOOD,2028-01-21,145.0,9.03,5356,87,67.30379376220705,663,🔭LEAPS,HOLD,1
SOFI,2028-01-21,47.0,1.25,3246,86,69.09210595703127,663,🔭LEAPS,HOLD,1
HIMS,2028-01-21,50.0,5.2,2164,86,99.1211025390625,663,🔭LEAPS,HOLD,1
CRWV,2026-05-15,125.0,0.74,2356,85,89.84385156249999,47,🚬菸屁股,HOLD,1
NVDA,2026-05-15,300.0,0.02,5580,84,52.3442265625,47,🚬菸屁股,HOLD,1
OKLO,2026-04-17,120.0,0.01,813,83,133.59408203124997,19,🚬菸屁股,HOLD,1
VST,2026-04-17,200.0,0.4,1359,82,57.812921875,19,🚬菸屁股,HOLD,1
ONDS,2028-01-21,4.0,6.44,2531,82,112.69574902343751,663,🔭LEAPS,HOLD,1
SMR,2027-01-15,30.0,0.94,4302,82,105.12742749023438,292,🚬菸屁股,HOLD,1
IBIT,2028-06-16,5.0,36.03,6775,80,91.8946123046875,810,🔭LEAPS,HOLD,1
DKNG,2028-01-21,40.0,2.59,2846,80,62.13416772460938,663,🔭LEAPS,HOLD,1
LUNR,2026-04-17,22.0,0.7,5966,80,117.77384863281249,19,🚬菸屁股,HOLD,1
IBIT,2028-01-21,40.0,11.9,8827,79,64.67320483398437,663,🔭LEAPS,HOLD,1
IONQ,2028-01-21,100.0,4.1,785,79,91.992267578125,663,🔭LEAPS,HOLD,1
SOFI,2026-04-17,28.0,0.01,5601,79,119.53165234375001,19,🚬菸屁股,HOLD,1
DKNG,2026-07-17,30.0,0.53,11897,79,58.984785156250005,110,🚬菸屁股,HOLD,1
IREN,2028-01-21,75.0,10.02,1865,79,95.65434033203124,663,🔭LEAPS,HOLD,1
NBIS,2026-05-15,200.0,0.45,2355,79,96.87503124999999,47,🚬菸屁股,HOLD,1
DKNG,2026-05-15,27.5,0.34,4864,78,62.59803027343751,47,🚬菸屁股,HOLD,1
JOBY,2026-04-17,9.0,0.29,870,78,77.3439765625,19,🚬菸屁股,HOLD,1
SMCI,2026-04-17,29.0,0.15,2539,77,78.9064609375,19,🚬菸屁股,HOLD,1
ACHR,2028-01-21,3.0,3.11,2466,77,97.070341796875,663,🔭LEAPS,HOLD,1
SMCI,2026-05-15,80.0,0.03,1811,76,139.84405078125,47,🚬菸屁股,HOLD,1
HOOD,2028-01-21,200.0,4.99,3148,76,66.66293103027346,663,🔭LEAPS,HOLD,1
IBIT,2026-05-15,80.0,0.01,16934,75,76.562734375,47,🚬菸屁股,HOLD,1
HIMS,2028-01-21,25.0,8.24,3246,75,97.48537670898439,663,🔭LEAPS,HOLD,1
IBIT,2026-05-15,55.0,0.09,14145,74,54.883263671875014,47,🚬菸屁股,HOLD,1
HOOD,2026-04-17,115.0,0.05,2766,74,95.312546875,19,🚬菸屁股,HOLD,1
NVDA,2028-01-21,230.0,26.6,11112,73,49.88453436279296,663,🔭LEAPS,HOLD,1
HOOD,2026-05-15,125.0,0.15,1291,73,79.883013671875,47,🚬菸屁股,HOLD,1
SMR,2028-01-21,10.0,5.68,1103,73,110.49849438476565,663,🔭LEAPS,HOLD,1
RKLB,2026-04-17,120.0,0.01,2169,72,109.375453125,19,🚬菸屁股,HOLD,1
PLTR,2026-04-17,210.0,0.07,6648,71,66.60189648437502,19,🚬菸屁股,HOLD,1
ACHR,2026-04-17,9.0,0.01,9379,71,117.1879140625,19,🚬菸屁股,HOLD,1
NVDA,2028-01-21,380.0,8.6,8336,70,49.35353381347657,663,🔭LEAPS,HOLD,1
SMCI,2028-01-21,105.0,1.98,4970,70,86.40150317382812,663,🔭LEAPS,HOLD,1
RKLB,2026-04-17,105.0,0.18,5910,70,113.0863720703125,19,🚬菸屁股,HOLD,1
SOFI,2026-04-17,27.0,0.02,6259,70,113.28168359375002,19,🚬菸屁股,HOLD,1
HIMS,2026-05-15,27.0,0.85,1245,70,101.7583037109375,47,🚬菸屁股,HOLD,1
JOBY,2026-04-17,10.0,0.11,6116,70,79.29708203125,19,🚬菸屁股,HOLD,1
PLTR,2028-01-21,200.0,31.2,6794,69,61.76796044921876,663,🔭LEAPS,HOLD,1
JOBY,2026-04-17,12.0,0.04,5441,69,97.6562734375,19,🚬菸屁股,HOLD,1
NVDA,2026-04-17,270.0,0.02,7727,68,64.8441015625,19,🚬菸屁股,HOLD,1
NVDA,2026-05-15,260.0,0.05,12205,68,46.0942890625,47,🚬菸屁股,HOLD,1
SOFI,2026-07-17,23.0,0.42,1711,68,65.33237792968751,110,🚬菸屁股,HOLD,1
PATH,2026-04-17,17.0,0.02,843,68,107.81296093750001,19,🚬菸屁股,HOLD,1
HIMS,2026-05-15,55.0,0.12,974,68,144.53152734375,47,🚬菸屁股,HOLD,1
IONQ,2026-04-17,36.0,0.39,2712,67,98.82813671875,19,🚬菸屁股,HOLD,1
SOFI,2026-08-21,27.0,0.4,2080,67,69.43389941406251,145,🚬菸屁股,HOLD,1
CRWV,2026-05-15,130.0,0.59,3383,67,89.59971337890623,47,🚬菸屁股,HOLD,1
MSFT,2026-04-17,640.0,0.01,6602,66,75.7814921875,19,🚬菸屁股,HOLD,1
SOFI,2026-08-21,22.0,0.86,2230,66,68.70148486328127,145,🚬菸屁股,HOLD,1
U,2028-01-21,20.0,7.05,5121,66,78.58908129882812,663,🔭LEAPS,HOLD,1
OKLO,2026-04-17,90.0,0.05,1656,65,111.13325683593752,19,🚬菸屁股,HOLD,1
UPST,2028-01-21,35.0,8.85,906,65,95.75199560546875,663,🔭LEAPS,HOLD,1
U,2026-05-15,32.0,0.26,4452,65,93.0664755859375,47,🚬菸屁股,HOLD,1
SMR,2027-01-15,50.0,0.44,3586,65,110.25435498046878,292,🚬菸屁股,HOLD,1
AAPL,2026-04-17,295.0,0.05,8833,64,32.12958496093749,19,🚬菸屁股,HOLD,1
IBIT,2026-05-15,53.0,0.13,5593,64,53.027813476562514,47,🚬菸屁股,HOLD,1
SMCI,2027-01-15,75.0,0.73,17281,64,85.742330078125,292,🚬菸屁股,HOLD,1
OKLO,2026-05-15,80.0,0.88,754,64,93.70123486328124,47,🚬菸屁股,HOLD,1
IONQ,2026-04-17,50.0,0.05,2918,64,113.28168359375002,19,🚬菸屁股,HOLD,1
SOFI,2026-05-15,35.0,0.04,7806,64,108.59420703125,47,🚬菸屁股,HOLD,1
HOOD,2026-04-17,130.0,0.03,4790,64,108.59420703125,19,🚬菸屁股,HOLD,1
ACHR,2028-01-21,4.0,2.7,1333,64,91.211025390625,663,🔭LEAPS,HOLD,1
IREN,2026-05-15,75.0,0.25,4682,63,108.3988955078125,47,🚬菸屁股,HOLD,1
AAPL,2026-04-17,290.0,0.07,16358,62,28.516339843749993,19,🚬菸屁股,HOLD,1
UPST,2026-04-17,37.5,0.06,913,62,100.1958115234375,19,🚬菸屁股,HOLD,1
SMCI,2026-05-15,45.0,0.12,5919,61,103.71141894531253,47,🚬菸屁股,HOLD,1
IREN,2028-01-21,65.0,11.05,7595,61,94.62285650634766,663,🔭LEAPS,HOLD,1
IREN,2028-01-21,70.0,10.48,4778,61,93.42657940673828,663,🔭LEAPS,HOLD,1
TDOC,2026-04-17,6.0,0.13,4669,61,80.85956640625,19,🚬菸屁股,HOLD,1
JOBY,2027-01-15,17.0,0.67,5417,61,82.226740234375,292,🚬菸屁股,HOLD,1
SMR,2026-08-21,30.0,0.28,1862,61,113.28168359375002,145,🚬菸屁股,HOLD,1
U,2026-08-21,40.0,0.47,801,60,80.1759794921875,145,🚬菸屁股,HOLD,1
PACB,2027-01-15,4.0,0.15,1656,60,110.9379453125,292,🚬菸屁股,HOLD,1
SOFI,2028-01-21,10.0,8.28,1317,59,83.44743115234373,663,🔭LEAPS,HOLD,1
U,2028-01-21,23.0,6.89,4368,59,77.56370092773439,663,🔭LEAPS,HOLD,1
XYZ,2026-05-15,75.0,0.68,1682,59,62.109753906250006,47,🚬菸屁股,HOLD,1
PLTR,2027-01-15,410.0,0.95,7441,58,57.51995605468749,292,🚬菸屁股,HOLD,1
DKNG,2026-05-15,35.0,0.1,2880,58,73.437765625,47,🚬菸屁股,HOLD,1
SOFI,2026-05-15,27.0,0.07,5065,57,82.0314296875,47,🚬菸屁股,HOLD,1
HOOD,2026-05-15,115.0,0.21,2976,57,81.15253222656249,47,🚬菸屁股,HOLD,1
JOBY,2026-07-17,12.0,0.43,2214,57,80.1759794921875,110,🚬菸屁股,HOLD,1
CRWV,2026-05-15,135.0,0.41,1109,57,89.84385156249999,47,🚬菸屁股,HOLD,1
MSTR,2027-01-15,1000.0,0.8,8450,56,96.72854833984375,292,🚬菸屁股,HOLD,1
DKNG,2026-05-15,50.0,0.01,2993,56,99.2187578125,47,🚬菸屁股,HOLD,1
HIMS,2028-01-21,95.0,2.8,1998,56,98.36427416992188,663,🔭LEAPS,HOLD,1
SOFI,2028-06-16,27.0,3.81,2569,54,72.02176416015625,810,🔭LEAPS,HOLD,1
SOFI,2028-06-16,37.0,2.51,2000,54,70.55693505859377,810,🔭LEAPS,HOLD,1
PATH,2026-05-15,16.0,0.11,8991,54,73.04714453125,47,🚬菸屁股,HOLD,1
PATH,2028-01-21,15.0,3.25,9230,54,79.51680639648437,663,🔭LEAPS,HOLD,1
HOOD,2027-01-15,200.0,0.81,9066,54,66.72396557617189,292,🚬菸屁股,HOLD,1
OPEN,2026-05-15,11.0,0.02,4255,54,112.5004375,47,🚬菸屁股,HOLD,1
SMR,2026-05-15,20.0,0.13,5233,54,112.89106054687501,47,🚬菸屁股,HOLD,1
SMR,2028-01-21,3.0,8.7,855,54,125.5863095703125,663,🔭LEAPS,HOLD,1
IONQ,2028-01-21,60.0,6.8,1555,53,88.44005700683593,663,🔭LEAPS,HOLD,1
CRSP,2026-04-17,55.0,0.45,1286,53,68.84796777343752,19,🚬菸屁股,HOLD,1
JOBY,2026-04-17,14.0,0.03,5732,53,117.1879140625,19,🚬菸屁股,HOLD,1
IBIT,2026-04-17,51.0,0.03,12955,52,58.5941640625,19,🚬菸屁股,HOLD,1
PATH,2028-01-21,22.0,2.13,3652,52,77.148666015625,663,🔭LEAPS,HOLD,1
RKLB,2026-04-17,115.0,0.06,1426,51,105.46922265625001,19,🚬菸屁股,HOLD,1
NBIS,2026-04-17,145.0,0.45,814,51,88.52550537109374,19,🚬菸屁股,HOLD,1
U,2026-04-17,30.0,0.07,1609,51,96.0937890625,19,🚬菸屁股,HOLD,1
HOOD,2026-05-15,155.0,0.04,1188,51,101.7583037109375,47,🚬菸屁股,HOLD,1
ACHR,2027-01-15,22.0,0.18,5397,51,98.242205078125,292,🚬菸屁股,HOLD,1
SOFI,2026-05-15,31.0,0.04,1466,50,96.87503124999999,47,🚬菸屁股,HOLD,1
OPEN,2026-05-15,16.0,0.02,19545,50,140.625296875,47,🚬菸屁股,HOLD,1
SMCI,2028-01-21,40.0,5.88,1977,49,85.00991552734375,663,🔭LEAPS,HOLD,1
SOFI,2026-08-21,26.0,0.45,1608,49,68.11555322265626,145,🚬菸屁股,HOLD,1
DKNG,2026-08-21,30.0,0.89,6189,49,59.22892333984377,145,🚬菸屁股,HOLD,1
GOOG,2028-01-21,300.0,50.6,5682,48,41.49991361999511,663,🔭LEAPS,HOLD,1
UPST,2028-01-21,40.0,7.8,2598,48,90.99130102539061,663,🔭LEAPS,HOLD,1
KTOS,2026-04-17,100.0,0.35,1143,48,83.30094824218747,19,🚬菸屁股,HOLD,1
OKLO,2026-04-17,75.0,0.25,1348,47,96.5820654296875,19,🚬菸屁股,HOLD,1
ASTS,2026-04-17,145.0,0.2,788,47,133.20345898437495,19,🚬菸屁股,HOLD,1
U,2026-04-17,55.0,0.01,1914,47,143.75028125,19,🚬菸屁股,HOLD,1
JOBY,2028-01-21,15.0,2.21,5514,47,87.7930908203125,663,🔭LEAPS,HOLD,1
TSLA,2026-07-17,990.0,0.11,10988,46,63.086306640625,110,🚬菸屁股,HOLD,1
GOOG,2026-04-17,355.0,0.03,5842,46,42.0904228515625,19,🚬菸屁股,HOLD,1
SMCI,2028-01-21,60.0,3.75,2496,46,85.35170898437501,663,🔭LEAPS,HOLD,1
OKLO,2026-04-17,95.0,0.04,990,46,107.81296093750001,19,🚬菸屁股,HOLD,1
IONQ,2028-01-21,40.0,9.75,1359,46,89.33116137695312,663,🔭LEAPS,HOLD,1
IONQ,2028-01-21,50.0,8.05,1693,46,90.99130102539061,663,🔭LEAPS,HOLD,1
HOOD,2026-07-17,115.0,0.87,863,46,66.40658593750001,110,🚬菸屁股,HOLD,1
HOOD,2026-07-17,130.0,0.44,3949,46,67.773759765625,110,🚬菸屁股,HOLD,1
SMR,2026-05-15,14.0,0.54,793,46,104.49266503906252,47,🚬菸屁股,HOLD,1
IONQ,2026-04-17,60.0,0.03,2725,45,137.50031249999998,19,🚬菸屁股,HOLD,1
SOFI,2026-05-15,33.0,0.04,2920,45,112.109814453125,47,🚬菸屁股,HOLD,1
PATH,2028-01-21,20.0,2.34,6543,45,77.53928710937501,663,🔭LEAPS,HOLD,1
PACB,2028-01-21,5.0,0.65,1330,45,132.03158984375,663,🔭LEAPS,HOLD,1
SMR,2026-04-17,17.0,0.06,1466,45,128.90660546875,19,🚬菸屁股,HOLD,1
SMR,2026-04-17,20.0,0.03,3370,45,138.28155859374996,19,🚬菸屁股,HOLD,1
IBIT,2026-04-17,57.0,0.01,15454,44,70.312796875,19,🚬菸屁股,HOLD,1
SMCI,2028-01-21,30.0,7.79,2056,44,90.35654174804688,663,🔭LEAPS,HOLD,1
SMCI,2028-01-21,90.0,2.4,3400,44,83.86246606445312,663,🔭LEAPS,HOLD,1
OKLO,2026-04-17,80.0,0.14,2061,44,102.53954980468751,19,🚬菸屁股,HOLD,1
TSLA,2026-04-17,550.0,0.09,15176,43,65.62534375000001,19,🚬菸屁股,HOLD,1
SOFI,2026-05-15,40.0,0.02,3229,43,106.25046875000001,47,🚬菸屁股,HOLD,1
PATH,2026-08-21,17.0,0.55,1703,43,79.883013671875,145,🚬菸屁股,HOLD,1
HIMS,2028-01-21,15.0,10.85,2493,43,95.55668505859374,663,🔭LEAPS,HOLD,1
JOBY,2028-01-21,5.0,4.73,1863,43,88.476677734375,663,🔭LEAPS,HOLD,1
TSLA,2026-04-17,600.0,0.04,6566,42,72.851833984375,19,🚬菸屁股,HOLD,1
SMCI,2026-05-15,43.0,0.15,1878,42,99.2187578125,47,🚬菸屁股,HOLD,1
SOFI,2026-05-15,28.0,0.06,8413,42,87.10950390625,47,🚬菸屁股,HOLD,1
IREN,2026-05-15,85.0,0.12,2814,42,119.141029296875,47,🚬菸屁股,HOLD,1
U,2026-04-17,40.0,0.01,14108,42,118.75040625,19,🚬菸屁股,HOLD,1
NNE,2026-04-17,26.0,0.3,2368,42,84.76577734374999,19,🚬菸屁股,HOLD,1
PATH,2028-01-21,12.0,3.96,5110,41,79.90742749023438,663,🔭LEAPS,HOLD,1
HOOD,2027-01-15,290.0,0.29,3470,41,70.50810742187501,292,🚬菸屁股,HOLD,1
TDOC,2026-04-17,7.0,0.06,3728,41,90.62509374999999,19,🚬菸屁股,HOLD,1
TDOC,2028-01-21,15.0,0.81,867,41,82.3243955078125,663,🔭LEAPS,HOLD,1
ZM,2026-04-17,90.0,0.31,894,41,47.363807617187504,19,🚬菸屁股,HOLD,1
ACHR,2027-01-15,25.0,0.14,22860,41,99.60937890625,292,🚬菸屁股,HOLD,1
IBIT,2028-06-16,50.0,10.55,7980,40,64.64268756103515,810,🔭LEAPS,HOLD,1
VST,2026-04-17,190.0,0.66,6420,40,55.49360913085939,19,🚬菸屁股,HOLD,1
ASTS,2026-04-17,160.0,0.11,949,40,132.81283593749998,19,🚬菸屁股,HOLD,1
SOFI,2026-05-15,26.0,0.08,6733,40,79.687703125,47,🚬菸屁股,HOLD,1
SOFI,2028-06-16,32.0,3.06,8614,40,71.19169433593751,810,🔭LEAPS,HOLD,1
SOFI,2028-01-21,45.0,1.4,2829,39,70.19072778320312,663,🔭LEAPS,HOLD,1
OPEN,2026-04-17,8.0,0.01,1545,39,114.0629296875,19,🚬菸屁股,HOLD,1
SMR,2027-01-15,45.0,0.52,941,39,106.54343603515626,292,🚬菸屁股,HOLD,1
UPST,2026-04-17,40.0,0.03,932,38,92.9688203125,19,🚬菸屁股,HOLD,1
UPST,2026-04-17,60.0,0.02,1957,38,132.81283593749998,19,🚬菸屁股,HOLD,1
DKNG,2027-01-15,40.0,0.78,8955,38,58.20354296875,292,🚬菸屁股,HOLD,1
MSFT,2027-01-15,700.0,0.75,6165,37,34.49772534179687,292,🚬菸屁股,HOLD,1
PATH,2028-01-21,25.0,1.76,8762,37,77.929908203125,663,🔭LEAPS,HOLD,1
TDOC,2026-07-17,10.0,0.15,1771,37,91.79695703125,110,🚬菸屁股,HOLD,1
CRWV,2026-04-17,135.0,0.02,1163,37,89.84385156249999,19,🚬菸屁股,HOLD,1
NVDA,2026-05-15,350.0,0.02,6555,36,66.40658593750001,47,🚬菸屁股,HOLD,1
HOOD,2026-05-15,135.0,0.11,979,36,87.5977802734375,47,🚬菸屁股,HOLD,1
OPEN,2026-05-15,9.0,0.07,10727,36,109.375453125,47,🚬菸屁股,HOLD,1
ACHR,2028-01-21,12.0,1.15,3159,36,89.062609375,663,🔭LEAPS,HOLD,1
TSLA,2028-01-21,900.0,19.9,5864,35,53.93417648315432,663,🔭LEAPS,HOLD,1
SMCI,2026-04-17,40.0,0.03,5511,35,111.71919140624999,19,🚬菸屁股,HOLD,1
SOFI,2026-08-21,30.0,0.27,5211,35,70.50810742187501,145,🚬菸屁股,HOLD,1
U,2026-04-17,23.0,0.32,3625,35,81.34784277343749,19,🚬菸屁股,HOLD,1
ACHR,2026-04-17,10.0,0.01,18497,35,134.37532812499998,19,🚬菸屁股,HOLD,1
CRWV,2026-05-15,140.0,0.35,1272,35,89.20909228515625,47,🚬菸屁股,HOLD,1
NVDA,2028-01-21,140.0,59.85,10920,34,55.24336749267577,663,🔭LEAPS,HOLD,1
MSFT,2027-01-15,675.0,0.97,25676,34,34.058276611328125,292,🚬菸屁股,HOLD,1
UPST,2028-01-21,105.0,2.83,760,34,87.3902628173828,663,🔭LEAPS,HOLD,1
U,2028-01-21,25.0,6.5,1140,34,78.00314965820311,663,🔭LEAPS,HOLD,1
HOOD,2026-04-17,155.0,0.01,1170,34,128.125359375,19,🚬菸屁股,HOLD,1
HIMS,2026-07-17,50.0,0.32,951,34,101.95361523437501,110,🚬菸屁股,HOLD,1
XYZ,2027-01-15,145.0,0.5,23770,33,57.34905932617188,292,🚬菸屁股,HOLD,1
OPEN,2026-08-21,13.0,0.16,988,33,100.78174609374999,145,🚬菸屁股,HOLD,1
HIMS,2026-04-17,29.0,0.13,1001,33,102.73486132812502,19,🚬菸屁股,HOLD,1
JOBY,2028-01-21,17.0,1.83,2236,33,84.0821904296875,663,🔭LEAPS,HOLD,1
UPST,2026-04-17,32.5,0.19,2400,32,85.4493642578125,19,🚬菸屁股,HOLD,1
ACHR,2026-07-17,9.0,0.18,1596,32,86.132951171875,110,🚬菸屁股,HOLD,1
SMCI,2026-05-15,41.0,0.16,828,31,97.26565234374999,47,🚬菸屁股,HOLD,1
PACB,2026-04-17,1.5,0.05,1980,31,128.125359375,19,🚬菸屁股,HOLD,1
ACHR,2028-01-21,2.0,4.0,793,31,108.00827246093752,663,🔭LEAPS,HOLD,1
SOFI,2026-05-15,38.0,0.02,945,30,112.5004375,47,🚬菸屁股,HOLD,1
HOOD,2026-04-17,120.0,0.03,7272,30,96.0937890625,19,🚬菸屁股,HOLD,1
HOOD,2026-04-17,135.0,0.02,1636,30,111.71919140624999,19,🚬菸屁股,HOLD,1
TDOC,2027-01-15,17.5,0.26,2040,30,95.312546875,292,🚬菸屁股,HOLD,1
OPEN,2027-01-15,12.0,0.42,2855,30,94.33599414062499,292,🚬菸屁股,HOLD,1
ONDS,2026-04-17,17.0,0.04,2340,30,140.625296875,19,🚬菸屁股,HOLD,1
SMR,2026-04-17,19.0,0.03,1058,30,136.71906640625,19,🚬菸屁股,HOLD,1
SOFI,2026-04-17,33.0,0.01,1320,29,125.00037499999999,19,🚬菸屁股,HOLD,1
OPEN,2028-01-21,4.0,2.6,3208,29,101.172369140625,663,🔭LEAPS,HOLD,1
MSFT,2026-04-17,510.0,0.04,20613,28,52.3442265625,19,🚬菸屁股,HOLD,1
AAPL,2026-05-15,305.0,0.22,6565,28,28.003649658203116,47,🚬菸屁股,HOLD,1
AAPL,2028-01-21,350.0,14.0,6378,28,30.989764816284175,663,🔭LEAPS,HOLD,1
ASTS,2026-05-15,170.0,0.67,1508,28,117.28556982421874,47,🚬菸屁股,HOLD,1
IONQ,2026-07-17,55.0,0.8,801,28,89.94150683593749,110,🚬菸屁股,HOLD,1
IONQ,2028-01-21,55.0,7.75,810,28,88.52550537109374,663,🔭LEAPS,HOLD,1
UPST,2028-01-21,50.0,6.35,1739,28,90.3321279296875,663,🔭LEAPS,HOLD,1
NBIS,2026-04-17,160.0,0.18,2545,28,94.8242705078125,19,🚬菸屁股,HOLD,1
HOOD,2026-05-15,140.0,0.08,6807,28,85.35170898437501,47,🚬菸屁股,HOLD,1
KTOS,2026-05-15,140.0,0.36,1447,28,94.14068359375,47,🚬菸屁股,HOLD,1
CRWV,2026-05-15,150.0,0.22,1217,28,91.8946123046875,47,🚬菸屁股,HOLD,1
PATH,2026-05-15,17.0,0.08,5839,27,76.17211328125,47,🚬菸屁股,HOLD,1
PATH,2026-05-15,24.0,0.03,2822,27,98.437515625,47,🚬菸屁股,HOLD,1
HOOD,2026-08-21,130.0,0.96,891,27,66.94368994140626,145,🚬菸屁股,HOLD,1
NNE,2026-04-17,35.0,0.06,1796,27,123.43788281249999,19,🚬菸屁股,HOLD,1
UPST,2026-04-17,35.0,0.12,11652,26,82.42205078125,19,🚬菸屁股,HOLD,1
PATH,2028-01-21,8.0,5.42,1956,26,82.86149951171873,663,🔭LEAPS,HOLD,1
HOOD,2026-05-15,290.0,0.01,891,26,141.797166015625,47,🚬菸屁股,HOLD,1
OPEN,2026-08-21,15.0,0.09,843,26,126.95349023437497,145,🚬菸屁股,HOLD,1
HIMS,2028-01-21,30.0,7.45,2527,26,98.15675671386718,663,🔭LEAPS,HOLD,1
CRWV,2026-05-15,145.0,0.29,1006,26,89.84385156249999,47,🚬菸屁股,HOLD,1
SOFI,2026-07-17,32.0,0.12,789,25,74.2190078125,110,🚬菸屁股,HOLD,1
HOOD,2028-01-21,180.0,6.32,1792,25,67.46248358154298,663,🔭LEAPS,HOLD,1
OPEN,2026-05-15,14.0,0.02,1952,25,134.37532812499998,47,🚬菸屁股,HOLD,1
HIMS,2026-04-17,33.0,0.08,1040,25,116.01604492187501,19,🚬菸屁股,HOLD,1
HIMS,2028-01-21,35.0,6.55,2394,25,97.00930725097656,663,🔭LEAPS,HOLD,1
SMCI,2027-01-15,80.0,0.72,11981,24,87.40246972656249,292,🚬菸屁股,HOLD,1
IONQ,2026-05-15,55.0,0.2,756,24,109.57076464843752,47,🚬菸屁股,HOLD,1
IREN,2028-01-21,60.0,11.91,2098,24,94.67778759765625,663,🔭LEAPS,HOLD,1
ONDS,2027-01-15,27.0,0.69,998,24,100.1958115234375,292,🚬菸屁股,HOLD,1
NNE,2026-04-17,32.0,0.09,3209,24,85.937640625,19,🚬菸屁股,HOLD,1
SMCI,2026-04-17,34.0,0.06,5647,23,96.0937890625,19,🚬菸屁股,HOLD,1
SMCI,2027-01-15,105.0,0.36,6269,23,92.33406103515625,292,🚬菸屁股,HOLD,1
IONQ,2026-04-17,55.0,0.04,4029,23,132.81283593749998,19,🚬菸屁股,HOLD,1
IREN,2028-01-21,85.0,8.75,5258,23,92.72468212890624,663,🔭LEAPS,HOLD,1
HOOD,2028-01-21,140.0,9.6,1861,23,68.92731268310548,663,🔭LEAPS,HOLD,1
CRSP,2026-04-17,60.0,0.17,1699,23,66.21127539062502,19,🚬菸屁股,HOLD,1
JOBY,2026-07-17,30.0,0.05,849,23,119.53165234375001,110,🚬菸屁股,HOLD,1
NNE,2026-04-17,27.0,0.3,2124,23,90.82040429687498,19,🚬菸屁股,HOLD,1
NNE,2026-04-17,30.0,0.1,1263,23,90.23447265624999,19,🚬菸屁股,HOLD,1
IBIT,2026-05-15,65.0,0.04,15547,22,62.500375000000005,47,🚬菸屁股,HOLD,1
IBIT,2027-01-15,115.0,0.34,5603,22,62.500375000000005,292,🚬菸屁股,HOLD,1
IBIT,2028-01-21,85.0,3.52,13093,22,59.58292370605469,663,🔭LEAPS,HOLD,1
ANET,2026-04-17,160.0,0.11,7091,22,63.7698935546875,19,🚬菸屁股,HOLD,1
SMCI,2026-05-15,39.0,0.2,2194,22,95.11723632812499,47,🚬菸屁股,HOLD,1
SOFI,2028-01-21,32.0,2.45,1312,22,70.84990087890624,663,🔭LEAPS,HOLD,1
NBIS,2026-05-15,190.0,0.67,1148,22,92.91999267578124,47,🚬菸屁股,HOLD,1
XYZ,2026-04-17,62.5,0.83,1486,22,52.05126074218749,19,🚬菸屁股,HOLD,1
JOBY,2026-07-17,20.0,0.09,1242,22,98.04689453125,110,🚬菸屁股,HOLD,1
TSLA,2028-01-21,940.0,17.78,5122,21,53.972323074340835,663,🔭LEAPS,HOLD,1
IBIT,2027-01-15,85.0,0.62,15342,21,56.592230957031255,292,🚬菸屁股,HOLD,1
SMCI,2026-05-15,49.0,0.18,1134,21,107.81296093750001,47,🚬菸屁股,HOLD,1
SMCI,2026-05-15,70.0,0.04,2735,21,128.125359375,47,🚬菸屁股,HOLD,1
ASTS,2026-04-17,180.0,0.08,1746,21,135.15657421875,19,🚬菸屁股,HOLD,1
IONQ,2026-04-17,42.0,0.14,892,21,107.03171484375002,19,🚬菸屁股,HOLD,1
IONQ,2028-01-21,80.0,5.2,1191,21,92.61481994628906,663,🔭LEAPS,HOLD,1
SOFI,2026-04-17,29.0,0.02,7199,21,115.625421875,19,🚬菸屁股,HOLD,1
IREN,2026-07-17,90.0,0.57,1372,21,101.80713159179686,110,🚬菸屁股,HOLD,1
ZM,2026-05-15,110.0,0.2,2048,21,52.539537109375004,47,🚬菸屁股,HOLD,1
NTLA,2026-04-17,20.0,0.05,3853,21,107.81296093750001,19,🚬菸屁股,HOLD,1
HIMS,2026-04-17,35.0,0.08,4166,21,135.547197265625,19,🚬菸屁股,HOLD,1
SMCI,2026-04-17,39.0,0.05,1589,20,105.46922265625001,19,🚬菸屁股,HOLD,1
IONQ,2028-01-21,90.0,4.75,1782,20,89.99033447265624,663,🔭LEAPS,HOLD,1
IONQ,2028-01-21,120.0,3.25,1867,20,90.429783203125,663,🔭LEAPS,HOLD,1
DKNG,2027-01-15,55.0,0.56,6636,20,57.129334960937506,292,🚬菸屁股,HOLD,1
DKNG,2027-01-15,80.0,0.16,853,20,66.40658593750001,292,🚬菸屁股,HOLD,1
U,2026-05-15,26.0,0.65,1355,20,90.429783203125,47,🚬菸屁股,HOLD,1
U,2027-01-15,42.0,0.99,7498,20,73.16921362304687,292,🚬菸屁股,HOLD,1
PATH,2026-04-17,16.0,0.02,999,20,90.62509374999999,19,🚬菸屁股,HOLD,1
PATH,2028-01-21,35.0,1.06,1019,20,76.83128637695313,663,🔭LEAPS,HOLD,1
HOOD,2026-04-17,125.0,0.02,3930,20,99.2187578125,19,🚬菸屁股,HOLD,1
HOOD,2028-01-21,160.0,7.66,871,20,66.79720703125001,663,🔭LEAPS,HOLD,1
TDOC,2026-04-17,9.0,0.02,6305,20,115.625421875,19,🚬菸屁股,HOLD,1
TDOC,2026-07-17,6.0,0.56,3339,20,68.94562304687501,110,🚬菸屁股,HOLD,1
TDOC,2028-01-21,5.0,2.2,763,20,88.03722900390623,663,🔭LEAPS,HOLD,1
NTLA,2028-01-21,7.5,7.7,904,20,120.55703784179687,663,🔭LEAPS,HOLD,1
KTOS,2026-05-15,120.0,0.6,1203,20,87.0118486328125,47,🚬菸屁股,HOLD,1
SMR,2028-01-21,15.0,4.59,3266,20,108.74069067382814,663,🔭LEAPS,HOLD,1
SMCI,2028-01-21,35.0,6.72,1060,19,86.10853735351563,663,🔭LEAPS,HOLD,1
OKLO,2026-05-15,90.0,0.47,902,19,96.289099609375,47,🚬菸屁股,HOLD,1
SOFI,2026-04-17,32.0,0.03,2761,19,137.50031249999998,19,🚬菸屁股,HOLD,1
PATH,2026-05-15,19.0,0.05,4248,19,83.59391406249999,47,🚬菸屁股,HOLD,1
TDOC,2026-04-17,10.0,0.01,7818,19,112.5004375,19,🚬菸屁股,HOLD,1
PACB,2028-01-21,1.5,0.75,6659,19,91.4063359375,663,🔭LEAPS,HOLD,1
JOBY,2026-07-17,16.0,0.17,773,19,87.89074609375,110,🚬菸屁股,HOLD,1
MSFT,2026-04-17,740.0,0.01,7719,18,92.187578125,19,🚬菸屁股,HOLD,1
SMCI,2027-01-15,65.0,0.93,4350,18,85.40053662109376,292,🚬菸屁股,HOLD,1
OKLO,2026-04-17,85.0,0.15,1772,18,105.85984570312502,19,🚬菸屁股,HOLD,1
UPST,2028-01-21,80.0,3.85,1134,18,90.06357592773438,663,🔭LEAPS,HOLD,1
DKNG,2026-04-17,22.5,0.57,796,18,61.62147753906251,19,🚬菸屁股,HOLD,1
HOOD,2027-01-15,190.0,0.97,4058,18,67.2122419433594,292,🚬菸屁股,HOLD,1
TDOC,2026-07-17,8.0,0.28,2089,18,84.76577734374999,110,🚬菸屁股,HOLD,1
XYZ,2026-05-15,80.0,0.39,1585,18,62.500375000000005,47,🚬菸屁股,HOLD,1
SMR,2028-01-21,23.0,3.45,930,18,107.17819848632817,663,🔭LEAPS,HOLD,1
SMCI,2026-05-15,42.0,0.14,2376,17,97.6562734375,47,🚬菸屁股,HOLD,1
SMCI,2026-05-15,95.0,0.02,5579,17,147.65651171875,47,🚬菸屁股,HOLD,1
SOFI,2027-01-15,42.0,0.34,6162,17,69.43389941406251,292,🚬菸屁股,HOLD,1
LUNR,2026-04-17,24.0,0.43,2435,17,113.8676181640625,19,🚬菸屁股,HOLD,1
SMR,2026-04-17,18.0,0.05,1305,17,125.00037499999999,19,🚬菸屁股,HOLD,1
UPST,2027-01-15,135.0,0.4,5119,16,96.5820654296875,292,🚬菸屁股,HOLD,1
SOFI,2026-04-17,31.0,0.02,4296,16,115.625421875,19,🚬菸屁股,HOLD,1
DKNG,2028-01-21,30.0,4.5,2070,16,66.94368994140626,663,🔭LEAPS,HOLD,1
HIMS,2027-01-15,100.0,0.7,3716,16,106.25046875000001,292,🚬菸屁股,HOLD,1
JOBY,2027-01-15,25.0,0.35,3073,16,85.742330078125,292,🚬菸屁股,HOLD,1
NVDA,2028-01-21,370.0,9.03,5030,15,49.24977508544922,663,🔭LEAPS,HOLD,1
SMCI,2026-05-15,38.0,0.23,2266,15,94.14068359375,47,🚬菸屁股,HOLD,1
SMCI,2028-01-21,20.0,10.55,1041,15,92.26081958007812,663,🔭LEAPS,HOLD,1
IONQ,2028-01-21,45.0,9.2,1787,15,89.95371374511718,663,🔭LEAPS,HOLD,1
PATH,2026-05-15,27.0,0.01,2399,15,140.234673828125,47,🚬菸屁股,HOLD,1
TDOC,2028-01-21,10.0,1.1,827,15,78.12521875,663,🔭LEAPS,HOLD,1
CRWV,2028-01-21,210.0,11.6,1907,15,80.61542822265625,663,🔭LEAPS,HOLD,1
TSLA,2026-05-15,700.0,0.09,9114,14,63.9652041015625,47,🚬菸屁股,HOLD,1
MSFT,2026-05-15,760.0,0.01,6690,14,70.898728515625,47,🚬菸屁股,HOLD,1
SMCI,2026-04-17,33.0,0.05,8424,14,88.2813671875,19,🚬菸屁股,HOLD,1
OKLO,2026-05-15,100.0,0.28,1114,14,97.070341796875,47,🚬菸屁股,HOLD,1
VST,2026-04-17,205.0,0.12,3680,14,56.543403320312514,19,🚬菸屁股,HOLD,1
IONQ,2026-05-15,80.0,0.09,955,14,139.453427734375,47,🚬菸屁股,HOLD,1
ONDS,2026-05-15,18.0,0.1,2940,14,146.48464257812498,47,🚬菸屁股,HOLD,1
IBIT,2028-06-16,90.0,4.5,11432,13,61.487201538085934,810,🔭LEAPS,HOLD,1
RKLB,2026-05-15,115.0,0.43,8593,13,100.58643457031249,47,🚬菸屁股,HOLD,1
SOFI,2027-01-15,45.0,0.28,11908,13,71.28934960937501,292,🚬菸屁股,HOLD,1
XYZ,2027-01-15,125.0,0.96,4853,13,55.322712402343754,292,🚬菸屁股,HOLD,1
SMR,2026-05-15,17.0,0.24,1122,13,108.203583984375,47,🚬菸屁股,HOLD,1
SMR,2028-01-21,85.0,1.15,1340,13,105.81101782226563,663,🔭LEAPS,HOLD,1
AAPL,2026-04-17,305.0,0.03,9111,12,32.422550781249996,19,🚬菸屁股,HOLD,1
SMCI,2028-01-21,50.0,4.65,1930,12,85.31508825683593,663,🔭LEAPS,HOLD,1
IONQ,2028-01-21,70.0,6.5,867,12,89.58750646972655,663,🔭LEAPS,HOLD,1
DKNG,2028-01-21,20.0,7.6,1162,12,79.44356494140624,663,🔭LEAPS,HOLD,1
IREN,2028-01-21,95.0,7.74,1312,12,92.13875048828125,663,🔭LEAPS,HOLD,1
OPEN,2026-05-15,12.0,0.02,5783,12,121.875390625,47,🚬菸屁股,HOLD,1
ONDS,2026-04-17,18.0,0.05,797,12,140.625296875,19,🚬菸屁股,HOLD,1
LUNR,2028-01-21,17.0,9.3,753,12,112.93988842773439,663,🔭LEAPS,HOLD,1
LUNR,2028-01-21,20.0,9.1,1338,12,99.56055126953125,663,🔭LEAPS,HOLD,1
JOBY,2026-04-17,15.0,0.04,7128,12,135.93782031249998,19,🚬菸屁股,HOLD,1
IBIT,2027-01-15,120.0,0.26,17185,11,63.232789550781256,292,🚬菸屁股,HOLD,1
IBIT,2027-01-15,135.0,0.2,12024,11,65.43003320312502,292,🚬菸屁股,HOLD,1
SMCI,2026-05-15,50.0,0.07,14284,11,103.12548437500001,47,🚬菸屁股,HOLD,1
SMCI,2026-05-15,90.0,0.02,6803,11,148.4377578125,47,🚬菸屁股,HOLD,1
SMCI,2028-01-21,55.0,5.0,759,11,82.98356860351561,663,🔭LEAPS,HOLD,1
SMCI,2028-01-21,80.0,2.85,772,11,87.7930908203125,663,🔭LEAPS,HOLD,1
SMCI,2028-01-21,85.0,2.63,15157,11,86.25502026367188,663,🔭LEAPS,HOLD,1
U,2026-04-17,28.0,0.06,825,11,82.81267187499999,19,🚬菸屁股,HOLD,1
U,2027-01-15,75.0,0.26,1957,11,80.27363476562499,292,🚬菸屁股,HOLD,1
HOOD,2026-04-17,150.0,0.01,3678,11,123.43788281249999,19,🚬菸屁股,HOLD,1
XYZ,2026-05-15,85.0,0.24,1035,11,66.30893066406252,47,🚬菸屁股,HOLD,1
SMR,2027-01-15,35.0,0.76,2353,11,105.078599609375,292,🚬菸屁股,HOLD,1
TSLA,2026-05-15,710.0,0.07,6308,10,64.45348046875,47,🚬菸屁股,HOLD,1
SMCI,2026-04-17,36.0,0.05,1935,10,98.82813671875,19,🚬菸屁股,HOLD,1
IONQ,2026-04-17,44.0,0.09,3214,10,105.078599609375,19,🚬菸屁股,HOLD,1
DKNG,2027-01-15,45.0,0.51,5433,10,59.375406250000005,292,🚬菸屁股,HOLD,1
DKNG,2028-01-21,37.5,3.35,1243,10,68.99445068359377,663,🔭LEAPS,HOLD,1
U,2026-04-17,50.0,0.01,2324,10,134.37532812499998,19,🚬菸屁股,HOLD,1
U,2026-05-15,39.0,0.26,781,10,114.45355273437498,47,🚬菸屁股,HOLD,1
HOOD,2026-05-15,130.0,0.1,2030,10,90.82040429687498,47,🚬菸屁股,HOLD,1
HOOD,2026-05-15,230.0,0.02,763,10,129.297228515625,47,🚬菸屁股,HOLD,1
HOOD,2028-01-21,130.0,10.99,1028,10,67.7981735839844,663,🔭LEAPS,HOLD,1
OPEN,2026-08-21,12.0,0.16,785,10,96.0937890625,145,🚬菸屁股,HOLD,1
HIMS,2026-05-15,45.0,0.15,1145,10,133.59408203124997,47,🚬菸屁股,HOLD,1
HIMS,2028-01-21,60.0,4.3,1026,10,97.55861816406251,663,🔭LEAPS,HOLD,1
SMR,2026-05-15,19.0,0.12,930,10,110.54732226562503,47,🚬菸屁股,HOLD,1
CRWV,2026-04-17,150.0,0.02,2920,10,96.87503124999999,19,🚬菸屁股,HOLD,1
MSFT,2026-05-15,560.0,0.09,5939,9,49.170430175781256,47,🚬菸屁股,HOLD,1
SMCI,2026-05-15,55.0,0.06,2943,9,112.89106054687501,47,🚬菸屁股,HOLD,1
SOFI,2026-04-17,40.0,0.01,2552,9,140.625296875,19,🚬菸屁股,HOLD,1
SOFI,2026-07-17,35.0,0.11,1567,9,80.85956640625,110,🚬菸屁股,HOLD,1
DKNG,2026-05-15,45.0,0.04,1589,9,100.39112304687498,47,🚬菸屁股,HOLD,1
DKNG,2028-01-21,25.0,6.0,3664,9,64.96617065429689,663,🔭LEAPS,HOLD,1
IREN,2026-07-17,80.0,0.81,5351,9,96.63089306640626,110,🚬菸屁股,HOLD,1
U,2028-01-21,50.0,2.7,1592,9,73.12038598632812,663,🔭LEAPS,HOLD,1
U,2028-01-21,70.0,1.6,1536,9,74.7072841796875,663,🔭LEAPS,HOLD,1
HOOD,2026-04-17,145.0,0.01,1366,9,119.53165234375001,19,🚬菸屁股,HOLD,1
HIMS,2027-01-15,80.0,0.96,2906,9,104.29735351562503,292,🚬菸屁股,HOLD,1
NVDA,2026-08-21,420.0,0.02,6887,8,49.414568359375004,145,🚬菸屁股,HOLD,1
AAPL,2027-01-15,450.0,0.3,16874,8,29.126685302734366,292,🚬菸屁股,HOLD,1
SMCI,2026-05-15,60.0,0.05,14498,8,112.5004375,47,🚬菸屁股,HOLD,1
SMCI,2027-01-15,72.0,0.77,3747,8,86.7188828125,292,🚬菸屁股,HOLD,1
IONQ,2026-05-15,65.0,0.1,861,8,123.24257128906248,47,🚬菸屁股,HOLD,1
PATH,2028-01-21,5.0,6.9,2098,8,89.40440283203124,663,🔭LEAPS,HOLD,1
HOOD,2026-05-15,150.0,0.07,6456,8,91.01571484374999,47,🚬菸屁股,HOLD,1
XYZ,2028-01-21,120.0,5.9,1379,8,55.07247076416017,663,🔭LEAPS,HOLD,1
OPEN,2026-05-15,15.0,0.01,8144,8,128.125359375,47,🚬菸屁股,HOLD,1
SMR,2026-05-15,22.0,0.11,1585,8,116.40666796875001,47,🚬菸屁股,HOLD,1
SMCI,2026-07-17,40.0,0.66,2136,7,85.1563984375,110,🚬菸屁股,HOLD,1
SMCI,2028-01-21,70.0,3.17,966,7,82.7028096923828,663,🔭LEAPS,HOLD,1
DKNG,2026-05-15,37.5,0.09,967,7,83.59391406249999,47,🚬菸屁股,HOLD,1
DKNG,2028-01-21,50.0,1.8,25809,7,61.52382226562501,663,🔭LEAPS,HOLD,1
HOOD,2028-01-21,125.0,11.55,755,7,68.66486413574219,663,🔭LEAPS,HOLD,1
OPEN,2028-01-21,17.0,3.4,861,7,25.00075,663,🔭LEAPS,HOLD,1
PACB,2027-01-15,1.0,0.55,2503,7,104.68797656250001,292,🚬菸屁股,HOLD,1
HIMS,2027-01-15,105.0,0.65,3574,7,108.83834643554687,292,🚬菸屁股,HOLD,1
LUNR,2028-01-21,40.0,7.0,2026,7,106.79978240966801,663,🔭LEAPS,HOLD,1
JOBY,2026-08-21,12.0,0.6,1120,7,78.711150390625,145,🚬菸屁股,HOLD,1
SMR,2026-05-15,28.0,0.06,1150,7,134.76595117187497,47,🚬菸屁股,HOLD,1
SMR,2027-01-15,37.0,0.69,883,7,105.76218994140625,292,🚬菸屁股,HOLD,1
AAPL,2026-05-15,400.0,0.01,6847,6,40.62559375,47,🚬菸屁股,HOLD,1
IBIT,2026-05-15,120.0,0.01,9910,6,100.0005,47,🚬菸屁股,HOLD,1
IBIT,2027-01-15,95.0,0.45,7209,6,58.44768115234375,292,🚬菸屁股,HOLD,1
COIN,2027-01-15,880.0,0.6,10122,6,77.88108056640624,292,🚬菸屁股,HOLD,1
SMCI,2026-04-17,38.0,0.03,2170,6,109.375453125,19,🚬菸屁股,HOLD,1
SMCI,2026-05-15,37.0,0.26,4212,6,91.992267578125,47,🚬菸屁股,HOLD,1
SMCI,2026-05-15,47.0,0.13,1229,6,105.078599609375,47,🚬菸屁股,HOLD,1
SMCI,2027-01-15,90.0,0.53,26474,6,89.45323046875,292,🚬菸屁股,HOLD,1
OKLO,2026-05-15,145.0,0.1,963,6,121.09414453124998,47,🚬菸屁股,HOLD,1
IONQ,2027-01-15,120.0,0.75,3426,6,93.35944140625,292,🚬菸屁股,HOLD,1
DKNG,2028-01-21,65.0,0.9,3245,6,64.30699755859376,663,🔭LEAPS,HOLD,1
IREN,2026-05-15,95.0,0.08,2261,6,123.43788281249999,47,🚬菸屁股,HOLD,1
PATH,2026-05-15,22.0,0.02,6384,6,92.187578125,47,🚬菸屁股,HOLD,1
PATH,2026-05-15,30.0,0.01,11400,6,112.5004375,47,🚬菸屁股,HOLD,1
TDOC,2028-01-21,17.0,0.7,879,6,86.32826171875,663,🔭LEAPS,HOLD,1
JOBY,2027-01-15,40.0,0.16,3515,6,98.242205078125,292,🚬菸屁股,HOLD,1
NNE,2026-04-17,40.0,0.05,1297,6,120.3128984375,19,🚬菸屁股,HOLD,1
NVDA,2026-04-17,250.0,0.02,24161,5,57.42230078125,19,🚬菸屁股,HOLD,1
AMD,2026-05-15,530.0,0.02,10272,5,84.37515624999999,47,🚬菸屁股,HOLD,1
SMCI,2026-04-17,45.0,0.02,3600,5,127.34411328124997,19,🚬菸屁股,HOLD,1
SMCI,2026-05-15,48.0,0.11,1027,5,104.68797656250001,47,🚬菸屁股,HOLD,1
OKLO,2027-01-15,260.0,0.76,5015,5,91.16219775390626,292,🚬菸屁股,HOLD,1
UPST,2028-01-21,100.0,3.0,850,5,90.35654174804688,663,🔭LEAPS,HOLD,1
SOFI,2028-01-21,42.0,1.56,8521,5,69.2385888671875,663,🔭LEAPS,HOLD,1
SOFI,2028-06-16,42.0,2.15,2888,5,70.09307250976562,810,🔭LEAPS,HOLD,1
NBIS,2026-05-15,180.0,0.74,1389,5,91.1133701171875,47,🚬菸屁股,HOLD,1
U,2028-01-21,65.0,1.63,2204,5,75.41528491210939,663,🔭LEAPS,HOLD,1
U,2028-01-21,75.0,1.53,5078,5,76.19652709960938,663,🔭LEAPS,HOLD,1
HOOD,2028-01-21,280.0,2.7,1087,5,66.88265539550781,663,🔭LEAPS,HOLD,1
TDOC,2027-01-15,22.5,0.18,4425,5,100.78174609374999,292,🚬菸屁股,HOLD,1
XYZ,2026-05-15,95.0,0.2,1179,5,68.555001953125,47,🚬菸屁股,HOLD,1
CRSP,2026-04-17,75.0,0.1,1056,5,95.70316796875,19,🚬菸屁股,HOLD,1
NTLA,2026-04-17,16.0,0.2,1131,5,90.23447265624999,19,🚬菸屁股,HOLD,1
NTLA,2026-04-17,31.0,0.85,1085,5,50.0005,19,🚬菸屁股,HOLD,1
PACB,2028-01-21,3.0,0.35,1078,5,124.21912890624998,663,🔭LEAPS,HOLD,1
HIMS,2026-08-21,50.0,0.6,883,5,106.93405908203127,145,🚬菸屁股,HOLD,1
JOBY,2027-01-15,32.0,0.29,1115,5,89.257919921875,292,🚬菸屁股,HOLD,1
ACHR,2026-07-17,12.0,0.1,1559,5,94.5313046875,110,🚬菸屁股,HOLD,1
ACHR,2028-01-21,20.0,0.73,4673,5,89.94150683593749,663,🔭LEAPS,HOLD,1
SMR,2026-05-15,23.0,0.11,943,5,117.96916015624998,47,🚬菸屁股,HOLD,1
SMR,2027-01-15,32.0,0.97,1035,5,104.44383715820314,292,🚬菸屁股,HOLD,1
SMR,2028-01-21,18.0,4.03,1222,5,116.30901220703124,663,🔭LEAPS,HOLD,1
NVDA,2028-01-21,310.0,13.77,6595,4,49.149068084716795,663,🔭LEAPS,HOLD,1
NVDA,2028-01-21,390.0,7.82,8048,4,49.38710281372071,663,🔭LEAPS,HOLD,1
IBIT,2028-01-21,95.0,2.8,6587,4,59.6683720703125,663,🔭LEAPS,HOLD,1
COIN,2026-05-15,480.0,0.04,12240,4,101.5629921875,47,🚬菸屁股,HOLD,1
SMCI,2026-05-15,44.0,0.15,1293,4,104.88328808593752,47,🚬菸屁股,HOLD,1
SOFI,2026-05-15,44.0,0.02,1196,4,138.28155859374996,47,🚬菸屁股,HOLD,1
DKNG,2027-01-15,75.0,0.15,986,4,66.01596484375001,292,🚬菸屁股,HOLD,1
IREN,2026-05-15,100.0,0.05,6213,4,128.51598242187498,47,🚬菸屁股,HOLD,1
U,2026-08-21,55.0,0.18,5482,4,85.6446748046875,145,🚬菸屁股,HOLD,1
PATH,2026-05-15,23.0,0.03,1329,4,99.2187578125,47,🚬菸屁股,HOLD,1
PATH,2027-01-15,27.0,0.41,5161,4,75.68383691406251,292,🚬菸屁股,HOLD,1
PATH,2027-01-15,37.0,0.22,2141,4,79.883013671875,292,🚬菸屁股,HOLD,1
HOOD,2028-01-21,250.0,3.27,2023,4,66.42489630126956,663,🔭LEAPS,HOLD,1
HIMS,2026-07-17,40.0,0.6,892,4,99.1211025390625,110,🚬菸屁股,HOLD,1
HIMS,2028-01-21,75.0,3.58,1624,4,100.53760668945313,663,🔭LEAPS,HOLD,1
JOBY,2026-07-17,17.0,0.15,1126,4,87.89074609375,110,🚬菸屁股,HOLD,1
ACHR,2028-01-21,22.0,0.7,1173,4,92.0899228515625,663,🔭LEAPS,HOLD,1
SMR,2027-01-15,80.0,0.23,9289,4,119.141029296875,292,🚬菸屁股,HOLD,1
NNE,2026-07-17,35.0,0.8,1362,4,84.91226025390624,110,🚬菸屁股,HOLD,1
NNE,2027-01-15,90.0,0.5,2272,4,94.0430283203125,292,🚬菸屁股,HOLD,1
NVDA,2026-04-17,245.0,0.03,6133,3,56.250437500000004,19,🚬菸屁股,HOLD,1
AAPL,2027-01-15,480.0,0.18,7145,3,29.956755126953123,292,🚬菸屁股,HOLD,1
IBIT,2028-01-21,62.0,6.25,5479,3,61.011132080078134,663,🔭LEAPS,HOLD,1
IBIT,2028-06-16,65.0,8.25,6076,3,63.04968591308593,810,🔭LEAPS,HOLD,1
COIN,2026-05-15,370.0,0.19,10467,3,90.72274902343749,47,🚬菸屁股,HOLD,1
RKLB,2026-04-17,130.0,0.03,2105,3,116.40666796875001,19,🚬菸屁股,HOLD,1
IONQ,2026-04-17,46.0,0.06,864,3,122.07070214843749,19,🚬菸屁股,HOLD,1
IONQ,2026-04-17,65.0,0.03,2717,3,140.625296875,19,🚬菸屁股,HOLD,1
IONQ,2026-07-17,60.0,0.79,1798,3,90.1368173828125,110,🚬菸屁股,HOLD,1
DKNG,2026-07-17,27.5,0.88,3510,3,59.766027343750004,110,🚬菸屁股,HOLD,1
DKNG,2026-07-17,32.5,0.39,1039,3,60.15664843750002,110,🚬菸屁股,HOLD,1
DKNG,2026-08-21,42.5,0.15,858,3,60.547269531250016,145,🚬菸屁股,HOLD,1
DKNG,2027-01-15,42.0,0.73,1485,3,64.5511357421875,292,🚬菸屁股,HOLD,1
NBIS,2026-04-17,170.0,0.09,760,3,91.211025390625,19,🚬菸屁股,HOLD,1
U,2026-05-15,40.0,0.08,1230,3,108.984830078125,47,🚬菸屁股,HOLD,1
U,2027-01-15,65.0,0.45,2864,3,85.742330078125,292,🚬菸屁股,HOLD,1
U,2028-01-21,45.0,2.89,3556,3,73.75514526367188,663,🔭LEAPS,HOLD,1
PATH,2026-05-15,25.0,0.02,13962,3,103.12548437500001,47,🚬菸屁股,HOLD,1
PATH,2027-01-15,22.0,0.71,7837,3,75.63500927734376,292,🚬菸屁股,HOLD,1
PATH,2028-01-21,17.0,2.8,2723,3,78.4181845703125,663,🔭LEAPS,HOLD,1
HOOD,2026-07-17,150.0,0.22,1436,3,71.48466015625,110,🚬菸屁股,HOLD,1
HOOD,2028-01-21,240.0,3.55,1367,3,66.28451684570314,663,🔭LEAPS,HOLD,1
CRSP,2026-04-17,62.5,0.2,927,3,83.59391406249999,19,🚬菸屁股,HOLD,1
CRSP,2026-04-17,90.0,0.2,1299,3,128.90660546875,19,🚬菸屁股,HOLD,1
PACB,2027-01-15,2.0,0.35,5365,3,119.53165234375001,292,🚬菸屁股,HOLD,1
HIMS,2027-01-15,95.0,0.7,878,3,106.83640332031253,292,🚬菸屁股,HOLD,1
JOBY,2026-08-21,15.0,0.34,1233,3,83.49625878906248,145,🚬菸屁股,HOLD,1
ACHR,2026-07-17,11.0,0.1,938,3,91.79695703125,110,🚬菸屁股,HOLD,1
TSLA,2026-04-17,940.0,0.01,12546,2,114.0629296875,19,🚬菸屁股,HOLD,1
NVDA,2026-04-17,280.0,0.01,6339,2,68.7503125,19,🚬菸屁股,HOLD,1
NVDA,2026-04-17,290.0,0.01,6580,2,73.437765625,19,🚬菸屁股,HOLD,1
MSFT,2026-04-17,520.0,0.03,9764,2,54.883263671875014,19,🚬菸屁股,HOLD,1
IBIT,2028-01-21,80.0,3.95,5850,2,60.0712000732422,663,🔭LEAPS,HOLD,1
UPST,2027-01-15,125.0,0.45,2085,2,94.97075341796875,292,🚬菸屁股,HOLD,1
DKNG,2026-05-15,32.5,0.1,1282,2,68.7503125,47,🚬菸屁股,HOLD,1
DKNG,2026-05-15,40.0,0.03,1523,2,83.59391406249999,47,🚬菸屁股,HOLD,1
DKNG,2026-05-15,42.5,0.05,1933,2,88.67198828125,47,🚬菸屁股,HOLD,1
DKNG,2026-08-21,35.0,0.41,1666,2,59.570716796875004,145,🚬菸屁股,HOLD,1
DKNG,2027-01-15,60.0,0.3,9356,2,69.92217578125,292,🚬菸屁股,HOLD,1
DKNG,2027-01-15,70.0,0.16,3809,2,68.16438085937502,292,🚬菸屁股,HOLD,1
DKNG,2028-01-21,60.0,1.15,4587,2,60.66933862304688,663,🔭LEAPS,HOLD,1
NBIS,2026-05-15,185.0,0.76,800,2,90.86923193359374,47,🚬菸屁股,HOLD,1
U,2026-05-15,33.0,0.2,787,2,91.4063359375,47,🚬菸屁股,HOLD,1
U,2026-05-15,50.0,0.08,4575,2,116.01604492187501,47,🚬菸屁股,HOLD,1
U,2026-08-21,38.0,0.62,2774,2,81.445498046875,145,🚬菸屁股,HOLD,1
U,2027-01-15,70.0,0.44,1262,2,90.86923193359374,292,🚬菸屁股,HOLD,1
PATH,2026-05-15,21.0,0.04,4471,2,91.4063359375,47,🚬菸屁股,HOLD,1
HOOD,2026-07-17,125.0,0.6,760,2,65.86948193359376,110,🚬菸屁股,HOLD,1
TDOC,2026-04-17,8.0,0.05,4853,2,104.68797656250001,19,🚬菸屁股,HOLD,1
TDOC,2026-07-17,7.0,0.37,8363,2,71.679970703125,110,🚬菸屁股,HOLD,1
TDOC,2027-01-15,7.5,0.85,13283,2,80.07832421875,292,🚬菸屁股,HOLD,1
ZM,2026-05-15,105.0,0.28,822,2,50.39112109375,47,🚬菸屁股,HOLD,1
ZM,2028-01-21,115.0,10.0,1025,2,48.20608435058594,663,🔭LEAPS,HOLD,1
ZM,2028-01-21,135.0,6.7,885,2,47.327186889648445,663,🔭LEAPS,HOLD,1
XYZ,2027-01-15,135.0,0.73,1061,2,55.81098876953126,292,🚬菸屁股,HOLD,1
CRSP,2026-04-17,65.0,0.15,953,2,83.59391406249999,19,🚬菸屁股,HOLD,1
CRSP,2026-04-17,70.0,0.14,2663,2,84.76577734374999,19,🚬菸屁股,HOLD,1
NTLA,2028-01-21,20.0,5.5,1123,2,104.66356262207034,663,🔭LEAPS,HOLD,1
HIMS,2026-05-15,44.0,0.24,759,2,124.21912890624998,47,🚬菸屁股,HOLD,1
HIMS,2028-01-21,65.0,4.18,861,2,100.31788122558592,663,🔭LEAPS,HOLD,1
JOBY,2027-01-15,35.0,0.2,2708,2,90.72274902343749,292,🚬菸屁股,HOLD,1
SMR,2026-05-15,25.0,0.06,1195,2,128.51598242187498,47,🚬菸屁股,HOLD,1
SMR,2027-01-15,47.0,0.49,758,2,108.3988955078125,292,🚬菸屁股,HOLD,1
SMR,2027-01-15,55.0,0.4,1548,2,114.25824121093751,292,🚬菸屁股,HOLD,1
SMR,2027-01-15,85.0,0.21,1870,2,119.3363408203125,292,🚬菸屁股,HOLD,1
CRWV,2026-04-17,200.0,0.01,964,2,125.00037499999999,19,🚬菸屁股,HOLD,1
TSLA,2026-04-17,970.0,0.01,5373,1,112.5004375,19,🚬菸屁股,HOLD,1
TSLA,2026-05-15,800.0,0.05,7446,1,72.26590234375,47,🚬菸屁股,HOLD,1
NVDA,2026-04-17,420.0,0.01,20081,1,112.5004375,19,🚬菸屁股,HOLD,1
NVDA,2026-05-15,320.0,0.02,5302,1,59.375406250000005,47,🚬菸屁股,HOLD,1
GOOG,2026-04-17,405.0,0.01,5695,1,91.35750830078125,19,🚬菸屁股,HOLD,1
AAPL,2026-04-17,400.0,0.01,13461,1,66.40658593750001,19,🚬菸屁股,HOLD,1
IBIT,2026-05-15,64.0,0.03,10771,1,63.281617187500004,47,🚬菸屁股,HOLD,1
SMCI,2026-05-15,65.0,0.06,3465,1,127.73473632812498,47,🚬菸屁股,HOLD,1
SMCI,2026-05-15,75.0,0.03,937,1,132.81283593749998,47,🚬菸屁股,HOLD,1
SMCI,2026-07-17,60.0,0.19,1400,1,96.48441015625,110,🚬菸屁股,HOLD,1
SMCI,2026-08-21,50.0,0.54,2676,1,87.93957373046875,145,🚬菸屁股,HOLD,1
SMCI,2026-08-21,60.0,0.3,1584,1,89.84385156249999,145,🚬菸屁股,HOLD,1
SMCI,2026-08-21,65.0,0.36,1029,1,92.38288867187501,145,🚬菸屁股,HOLD,1
SMCI,2027-01-15,100.0,0.42,3253,1,89.89267919921873,292,🚬菸屁股,HOLD,1
OKLO,2026-05-15,150.0,0.11,845,1,124.21912890624998,47,🚬菸屁股,HOLD,1
VST,2026-04-17,215.0,0.03,2173,1,69.92217578125,19,🚬菸屁股,HOLD,1
VST,2026-05-15,220.0,0.53,5098,1,57.42230078125,47,🚬菸屁股,HOLD,1
UPST,2027-01-15,100.0,0.68,6012,1,91.55281884765625,292,🚬菸屁股,HOLD,1
UPST,2028-01-21,42.5,8.74,2133,1,90.45419702148439,663,🔭LEAPS,HOLD,1
SOFI,2026-07-17,33.0,0.12,1183,1,75.97680273437501,110,🚬菸屁股,HOLD,1
SOFI,2026-07-17,40.0,0.01,2274,1,87.30481445312499,110,🚬菸屁股,HOLD,1
SOFI,2026-08-21,40.0,0.12,806,1,81.05487695312499,145,🚬菸屁股,HOLD,1
DKNG,2027-01-15,65.0,0.04,828,1,59.96133789062501,292,🚬菸屁股,HOLD,1
DKNG,2028-01-21,42.5,2.57,1679,1,60.2787175292969,663,🔭LEAPS,HOLD,1
IREN,2026-05-15,105.0,0.13,5439,1,125.78162109374999,47,🚬菸屁股,HOLD,1
U,2026-04-17,37.0,0.28,794,1,122.65663671875001,19,🚬菸屁股,HOLD,1
U,2026-05-15,45.0,0.13,1427,1,98.437515625,47,🚬菸屁股,HOLD,1
U,2026-05-15,55.0,0.04,957,1,112.5004375,47,🚬菸屁股,HOLD,1
U,2026-05-15,65.0,0.04,1189,1,138.28155859374996,47,🚬菸屁股,HOLD,1
U,2028-01-21,40.0,3.65,1386,1,73.75514526367188,663,🔭LEAPS,HOLD,1
PATH,2026-04-17,20.0,0.07,2597,1,114.0629296875,19,🚬菸屁股,HOLD,1
PATH,2026-05-15,26.0,0.01,2256,1,111.71919140624999,47,🚬菸屁股,HOLD,1
PATH,2026-05-15,28.0,0.04,8408,1,131.64096679687498,47,🚬菸屁股,HOLD,1
PATH,2026-08-21,30.0,0.1,1243,1,84.961087890625,145,🚬菸屁股,HOLD,1
PATH,2027-01-15,35.0,0.3,1163,1,79.5900478515625,292,🚬菸屁股,HOLD,1
HOOD,2026-05-15,145.0,0.11,1961,1,93.7500625,47,🚬菸屁股,HOLD,1
HOOD,2026-05-15,160.0,0.07,1776,1,94.5313046875,47,🚬菸屁股,HOLD,1
HOOD,2026-05-15,180.0,0.1,1259,1,114.45355273437498,47,🚬菸屁股,HOLD,1
HOOD,2026-05-15,200.0,0.1,771,1,117.1879140625,47,🚬菸屁股,HOLD,1
HOOD,2026-07-17,160.0,0.15,980,1,76.66038964843752,110,🚬菸屁股,HOLD,1
TDOC,2026-07-17,13.0,0.11,2072,1,97.6562734375,110,🚬菸屁股,HOLD,1
TDOC,2026-07-17,15.0,0.05,1406,1,95.312546875,110,🚬菸屁股,HOLD,1
TDOC,2027-01-15,10.0,0.52,8023,1,84.76577734374999,292,🚬菸屁股,HOLD,1
ZM,2026-05-15,95.0,0.69,1364,1,46.41166870117188,47,🚬菸屁股,HOLD,1
XYZ,2026-05-15,90.0,0.16,1725,1,64.648791015625,47,🚬菸屁股,HOLD,1
XYZ,2027-01-15,140.0,0.85,1325,1,55.859816406250005,292,🚬菸屁股,HOLD,1
CRSP,2026-04-17,67.5,0.1,750,1,85.35170898437501,19,🚬菸屁股,HOLD,1
CRSP,2026-04-17,77.5,0.2,1102,1,132.22690136718748,19,🚬菸屁股,HOLD,1
NTLA,2027-01-15,42.0,0.75,919,1,94.2383388671875,292,🚬菸屁股,HOLD,1
NTLA,2028-01-21,42.0,2.75,3765,1,101.34326672363284,663,🔭LEAPS,HOLD,1
BEAM,2026-08-21,50.0,0.75,1320,1,81.73846386718748,145,🚬菸屁股,HOLD,1
PACB,2027-01-15,1.5,0.44,3056,1,101.95361523437501,292,🚬菸屁股,HOLD,1
PACB,2027-01-15,3.0,0.28,2140,1,119.141029296875,292,🚬菸屁股,HOLD,1
PACB,2027-01-15,5.0,0.1,2840,1,129.297228515625,292,🚬菸屁股,HOLD,1
PACB,2028-01-21,2.0,0.7,4372,1,118.55509472656249,663,🔭LEAPS,HOLD,1
TXG,2026-04-17,22.5,0.55,1381,1,73.24245507812499,19,🚬菸屁股,HOLD,1
HIMS,2026-04-17,34.0,0.09,1485,1,125.00037499999999,19,🚬菸屁股,HOLD,1
HIMS,2026-05-15,60.0,0.12,2342,1,140.625296875,47,🚬菸屁股,HOLD,1
JOBY,2027-01-15,27.0,0.27,1435,1,85.25405371093751,292,🚬菸屁股,HOLD,1
ACHR,2026-07-17,14.0,0.08,784,1,96.87503124999999,110,🚬菸屁股,HOLD,1
SMR,2026-04-17,21.0,0.03,886,1,140.625296875,19,🚬菸屁股,HOLD,1
SMR,2026-08-21,22.0,0.63,893,1,107.42233789062503,145,🚬菸屁股,HOLD,1
SMR,2027-01-15,65.0,0.27,835,1,112.30512597656251,292,🚬菸屁股,HOLD,1
SMR,2028-01-21,33.0,2.81,829,1,106.54343603515626,663,🔭LEAPS,HOLD,1
CRWV,2026-04-17,145.0,0.03,799,1,110.54732226562503,19,🚬菸屁股,HOLD,1
CRWV,2026-04-17,155.0,0.07,909,1,142.96903515625,19,🚬菸屁股,HOLD,1
