Stock,Expiry,Strike,Ask,OpenInterest,Volume,IV,DTE,Tags,Action,Score
NVDA,2026-05-01,220.0,0.97,9032,78943,39.600213378906254,5,🚨異常掃貨 🆕新倉暴量 🚬菸屁股,STRONG_BUY,9
IBIT,2026-05-01,48.0,0.07,6456,23154,40.62559375,5,🚨異常掃貨 🆕新倉暴量 🚬菸屁股,STRONG_BUY,9
IBIT,2026-05-01,45.0,0.5,14978,18118,38.184211914062494,5,🚨異常掃貨 🆕新倉暴量 🚬菸屁股,STRONG_BUY,9
NVDA,2026-05-01,230.0,0.25,6718,17342,43.35994140625,5,🚨異常掃貨 🆕新倉暴量 🚬菸屁股,STRONG_BUY,9
HIMS,2026-05-01,33.0,0.77,3186,8975,97.460962890625,5,🚨異常掃貨 🆕新倉暴量 🚬菸屁股,STRONG_BUY,9
PATH,2026-05-01,11.5,0.09,1665,6169,75.00025000000001,5,🚨異常掃貨 🆕新倉暴量 🚬菸屁股,STRONG_BUY,9
ONDS,2026-05-01,10.5,0.5,3251,4479,85.1563984375,5,🚨異常掃貨 🆕新倉暴量 🚬菸屁股,STRONG_BUY,9
SMCI,2026-05-01,32.0,0.38,2514,3704,80.664255859375,5,🚨異常掃貨 🆕新倉暴量 🚬菸屁股,STRONG_BUY,9
SMCI,2026-05-01,35.0,0.1,2667,3246,85.54701953125,5,🚨異常掃貨 🆕新倉暴量 🚬菸屁股,STRONG_BUY,9
HOOD,2026-05-01,97.0,0.85,2116,3187,91.60164648437501,5,🚨異常掃貨 🆕新倉暴量 🚬菸屁股,STRONG_BUY,9
SMCI,2026-05-01,33.0,0.22,1376,3078,81.445498046875,5,🚨異常掃貨 🆕新倉暴量 🚬菸屁股,STRONG_BUY,9
LUNR,2026-05-01,28.0,0.62,865,2605,104.29735351562503,5,🚨異常掃貨 🆕新倉暴量 🚬菸屁股,STRONG_BUY,9
ACHR,2026-05-01,6.0,0.1,1667,2471,69.5315546875,5,🚨異常掃貨 🆕新倉暴量 🚬菸屁股,STRONG_BUY,9
HIMS,2026-05-01,36.0,0.31,1392,2245,104.10204199218754,5,🚨異常掃貨 🆕新倉暴量 🚬菸屁股,STRONG_BUY,9
OKLO,2026-05-01,85.0,0.87,1431,2197,116.40666796875001,5,🚨異常掃貨 🆕新倉暴量 🚬菸屁股,STRONG_BUY,9
IONQ,2026-05-01,60.0,0.06,789,2066,129.297228515625,5,🚨異常掃貨 🆕新倉暴量 🚬菸屁股,STRONG_BUY,9
DKNG,2026-05-01,23.0,0.85,1099,2017,56.250437500000004,5,🚨異常掃貨 🆕新倉暴量 🚬菸屁股,STRONG_BUY,9
DKNG,2026-05-01,23.5,0.56,1278,1734,55.762161132812516,5,🚨異常掃貨 🆕新倉暴量 🚬菸屁股,STRONG_BUY,9
SMR,2026-05-01,13.5,0.26,1062,1715,114.84417578124999,5,🚨異常掃貨 🆕新倉暴量 🚬菸屁股,STRONG_BUY,9
JOBY,2026-05-01,9.0,0.17,766,1403,80.85956640625,5,🚨異常掃貨 🆕新倉暴量 🚬菸屁股,STRONG_BUY,9
HIMS,2026-05-01,34.0,0.53,902,1242,98.1445498046875,5,🚨異常掃貨 🆕新倉暴量 🚬菸屁股,STRONG_BUY,9
PATH,2026-05-01,10.0,0.54,803,1204,64.062859375,5,🚨異常掃貨 🆕新倉暴量 🚬菸屁股,STRONG_BUY,9
SMR,2026-05-01,12.5,0.52,793,1100,111.71919140624999,5,🚨異常掃貨 🆕新倉暴量 🚬菸屁股,STRONG_BUY,9
NVDA,2026-05-01,210.0,3.9,26488,109029,40.80869738769531,5,🚨異常掃貨 🆕新倉暴量,STRONG_BUY,8
NVDA,2026-05-01,212.5,2.88,6626,91121,40.21055883789062,5,🚨異常掃貨 🆕新倉暴量,STRONG_BUY,8
NVDA,2026-05-01,215.0,2.05,12025,60570,39.89317919921875,5,🚨異常掃貨 🆕新倉暴量,STRONG_BUY,8
NVDA,2026-05-01,205.0,6.61,21272,59752,41.94393994140625,5,🚨異常掃貨 🆕新倉暴量,STRONG_BUY,8
MSTR,2026-05-01,185.0,2.38,16059,44074,74.26783544921875,5,🚨異常掃貨 🆕新倉暴量,STRONG_BUY,8
SMCI,2026-05-01,29.5,1.05,10419,34841,78.12521875,5,🚨異常掃貨 🆕新倉暴量,STRONG_BUY,8
TSLA,2026-05-01,400.0,1.95,21718,28287,43.99470068359375,5,🚨異常掃貨 🆕新倉暴量,STRONG_BUY,8
NVDA,2026-05-01,207.5,5.13,11201,22423,41.4068359375,5,🚨異常掃貨 🆕新倉暴量,STRONG_BUY,8
IREN,2026-05-01,55.0,1.43,7647,20178,108.00827246093752,5,🚨異常掃貨 🆕新倉暴量,STRONG_BUY,8
MSTR,2026-05-01,190.0,1.66,5346,19323,77.97873583984375,5,🚨異常掃貨 🆕新倉暴量,STRONG_BUY,8
TSLA,2026-05-01,380.0,7.1,6283,19073,42.493250854492196,5,🚨異常掃貨 🆕新倉暴量,STRONG_BUY,8
NVDA,2026-05-01,202.5,8.15,10207,17369,42.529871582031255,5,🚨異常掃貨 🆕新倉暴量,STRONG_BUY,8
IREN,2026-05-01,54.0,1.74,2029,13150,109.08248583984377,5,🚨異常掃貨 🆕新倉暴量,STRONG_BUY,8
PLTR,2026-05-01,150.0,1.51,9798,12909,50.146982910156254,5,🚨異常掃貨 🆕新倉暴量,STRONG_BUY,8
OPEN,2026-05-01,6.0,0.12,30613,12708,93.7500625,5,🆕新倉暴量 🚬菸屁股 🔥萬人塚,BUY_WATCH,8
HIMS,2026-05-01,30.0,1.86,7003,9995,93.8477177734375,5,🚨異常掃貨 🆕新倉暴量,STRONG_BUY,8
TSLA,2026-05-01,390.0,3.8,6171,9803,43.03035485839845,5,🚨異常掃貨 🆕新倉暴量,STRONG_BUY,8
IREN,2026-05-01,52.0,2.43,2297,9249,108.30123974609376,5,🚨異常掃貨 🆕新倉暴量,STRONG_BUY,8
MSTR,2026-05-01,187.5,2.14,5691,9045,76.31859619140626,5,🚨異常掃貨 🆕新倉暴量,STRONG_BUY,8
HIMS,2026-05-01,31.0,1.39,2745,8792,93.2617861328125,5,🚨異常掃貨 🆕新倉暴量,STRONG_BUY,8
OKLO,2026-05-01,80.0,1.55,3490,5495,114.4047248535156,5,🚨異常掃貨 🆕新倉暴量,STRONG_BUY,8
HIMS,2026-05-01,32.0,1.02,2602,4873,94.726615234375,5,🚨異常掃貨 🆕新倉暴量,STRONG_BUY,8
CRWV,2026-05-01,120.0,2.56,2604,4661,99.04786108398437,5,🚨異常掃貨 🆕新倉暴量,STRONG_BUY,8
OKLO,2026-05-01,75.0,2.8,1225,4090,111.71919140624999,5,🚨異常掃貨 🆕新倉暴量,STRONG_BUY,8
XYZ,2026-05-01,74.0,1.01,1435,4026,49.9028447265625,5,🚨異常掃貨 🆕新倉暴量,STRONG_BUY,8
IREN,2026-05-01,53.0,2.08,1225,3988,108.15475610351561,5,🚨異常掃貨 🆕新倉暴量,STRONG_BUY,8
NBIS,2026-05-01,165.0,2.25,1095,3626,96.04496142578124,5,🚨異常掃貨 🆕新倉暴量,STRONG_BUY,8
NBIS,2026-05-01,170.0,1.47,1275,2878,95.94730615234374,5,🚨異常掃貨 🆕新倉暴量,STRONG_BUY,8
RKLB,2026-05-01,85.0,1.74,1087,2798,84.81460498046874,5,🚨異常掃貨 🆕新倉暴量,STRONG_BUY,8
IREN,2026-05-01,51.0,2.83,881,2621,108.59420703125,5,🚨異常掃貨 🆕新倉暴量,STRONG_BUY,8
HIMS,2026-05-01,29.5,2.07,1808,2321,94.33599414062499,5,🚨異常掃貨 🆕新倉暴量,STRONG_BUY,8
CRWV,2026-05-01,115.0,4.12,1770,2211,101.5629921875,5,🚨異常掃貨 🆕新倉暴量,STRONG_BUY,8
SMCI,2026-05-01,28.5,1.54,1045,2199,75.00025000000001,5,🚨異常掃貨 🆕新倉暴量,STRONG_BUY,8
IREN,2026-05-01,57.0,1.02,807,1954,109.375453125,5,🚨異常掃貨 🆕新倉暴量,STRONG_BUY,8
IBIT,2026-05-01,47.0,0.13,21596,21189,38.67248828125,5,🆕新倉暴量 🚬菸屁股,BUY_WATCH,6
SMCI,2026-05-01,30.0,0.86,19090,16109,78.9064609375,5,🆕新倉暴量 🚬菸屁股,BUY_WATCH,6
MSTR,2026-05-01,200.0,0.81,16072,13547,82.3243955078125,5,🆕新倉暴量 🚬菸屁股,BUY_WATCH,6
OPEN,2026-05-01,5.5,0.28,9212,9865,85.54701953125,5,🆕新倉暴量 🚬菸屁股,BUY_WATCH,6
PLTR,2026-05-01,155.0,0.67,13460,9826,50.586431640624994,5,🆕新倉暴量 🚬菸屁股,BUY_WATCH,6
IREN,2026-05-01,60.0,0.56,7780,9010,112.40278173828125,5,🆕新倉暴量 🚬菸屁股,BUY_WATCH,6
ONDS,2026-05-01,12.0,0.13,10438,8310,92.9688203125,5,🆕新倉暴量 🚬菸屁股,BUY_WATCH,6
ONDS,2028-01-21,7.0,6.2,5225,6655,101.172369140625,635,🚨異常掃貨 🔭LEAPS,STRONG_BUY,6
IBIT,2026-05-01,46.0,0.24,6131,6488,38.184211914062494,5,🆕新倉暴量 🚬菸屁股,BUY_WATCH,6
SOFI,2026-05-01,20.0,0.41,18423,5803,93.945373046875,5,🆕新倉暴量 🚬菸屁股,BUY_WATCH,6
SOFI,2026-05-01,19.0,0.74,19477,5300,97.26565234374999,5,🆕新倉暴量 🚬菸屁股,BUY_WATCH,6
PLTR,2026-05-01,160.0,0.32,12882,5099,52.83250292968751,5,🆕新倉暴量 🚬菸屁股,BUY_WATCH,6
HOOD,2026-05-01,100.0,0.54,11296,4650,92.8711650390625,5,🆕新倉暴量 🚬菸屁股,BUY_WATCH,6
OKLO,2026-05-01,90.0,0.5,3956,4599,123.82850585937497,5,🆕新倉暴量 🚬菸屁股,BUY_WATCH,6
TSLA,2026-05-01,450.0,0.22,6008,4577,60.84023535156251,5,🆕新倉暴量 🚬菸屁股,BUY_WATCH,6
OPEN,2026-05-15,5.5,0.57,2144,4490,111.328568359375,19,🚨異常掃貨 🚬菸屁股,STRONG_BUY,6
HIMS,2026-05-01,35.0,0.41,3519,4060,101.172369140625,5,🆕新倉暴量 🚬菸屁股,BUY_WATCH,6
TSLA,2026-05-01,420.0,0.6,5858,4032,49.023947265625004,5,🆕新倉暴量 🚬菸屁股,BUY_WATCH,6
CRWV,2026-05-01,130.0,0.86,5793,3926,97.85158398437501,5,🆕新倉暴量 🚬菸屁股,BUY_WATCH,6
OPEN,2026-05-01,6.5,0.06,5747,3640,104.68797656250001,5,🆕新倉暴量 🚬菸屁股,BUY_WATCH,6
NBIS,2026-05-01,200.0,0.17,7972,3550,106.25046875000001,5,🆕新倉暴量 🚬菸屁股,BUY_WATCH,6
ONDS,2026-05-01,11.5,0.19,7300,3220,89.062609375,5,🆕新倉暴量 🚬菸屁股,BUY_WATCH,6
SOFI,2026-05-01,19.5,0.55,14670,3101,95.70316796875,5,🆕新倉暴量 🚬菸屁股,BUY_WATCH,6
SOFI,2026-05-01,22.0,0.1,9337,3094,91.4063359375,5,🆕新倉暴量 🚬菸屁股,BUY_WATCH,6
PATH,2026-05-01,11.0,0.18,3069,3024,71.48466015625,5,🆕新倉暴量 🚬菸屁股,BUY_WATCH,6
OKLO,2026-05-01,86.0,0.77,3132,2950,118.89688989257814,5,🆕新倉暴量 🚬菸屁股,BUY_WATCH,6
HIMS,2026-05-01,40.0,0.12,3079,2640,117.1879140625,5,🆕新倉暴量 🚬菸屁股,BUY_WATCH,6
SOFI,2026-05-01,18.5,0.96,10448,2629,96.48441015625,5,🆕新倉暴量 🚬菸屁股,BUY_WATCH,6
SMCI,2026-05-01,31.0,0.57,10620,2571,79.101771484375,5,🆕新倉暴量 🚬菸屁股,BUY_WATCH,6
SOFI,2026-05-01,21.0,0.2,8822,2488,92.57819921875,5,🆕新倉暴量 🚬菸屁股,BUY_WATCH,6
SOFI,2026-05-01,20.5,0.29,3353,2474,93.7500625,5,🆕新倉暴量 🚬菸屁股,BUY_WATCH,6
RKLB,2026-05-01,90.0,0.78,2438,2438,85.49819189453125,5,🆕新倉暴量 🚬菸屁股,BUY_WATCH,6
ASTS,2026-05-01,100.0,0.2,7608,2405,107.42233789062503,5,🆕新倉暴量 🚬菸屁股,BUY_WATCH,6
SMR,2026-05-01,13.0,0.36,3161,2256,112.89106054687501,5,🆕新倉暴量 🚬菸屁股,BUY_WATCH,6
ASTS,2026-05-01,90.0,0.6,3964,2155,97.460962890625,5,🆕新倉暴量 🚬菸屁股,BUY_WATCH,6
OKLO,2026-05-01,95.0,0.36,1864,1968,130.46909765624997,5,🆕新倉暴量 🚬菸屁股,BUY_WATCH,6
OPEN,2026-05-01,5.0,0.57,4691,1942,74.2190078125,5,🆕新倉暴量 🚬菸屁股,BUY_WATCH,6
RKLB,2026-05-01,100.0,0.18,4722,1934,91.992267578125,5,🆕新倉暴量 🚬菸屁股,BUY_WATCH,6
CRWV,2026-05-01,135.0,0.5,1622,1612,99.804689453125,5,🆕新倉暴量 🚬菸屁股,BUY_WATCH,6
HOOD,2026-05-01,96.0,0.97,2727,1579,91.35750830078125,5,🆕新倉暴量 🚬菸屁股,BUY_WATCH,6
XYZ,2026-05-01,75.0,0.77,2308,1551,49.36574072265626,5,🆕新倉暴量 🚬菸屁股,BUY_WATCH,6
SOFI,2026-05-01,22.5,0.07,1976,1514,94.5313046875,5,🆕新倉暴量 🚬菸屁股,BUY_WATCH,6
SMR,2026-05-01,12.0,0.71,1891,1457,111.13325683593752,5,🆕新倉暴量 🚬菸屁股,BUY_WATCH,6
OPEN,2026-05-01,7.0,0.03,5185,1405,115.625421875,5,🆕新倉暴量 🚬菸屁股,BUY_WATCH,6
HOOD,2026-05-01,98.0,0.72,1729,1389,92.23640576171876,5,🆕新倉暴量 🚬菸屁股,BUY_WATCH,6
SOFI,2026-05-01,21.5,0.14,2871,1384,92.9688203125,5,🆕新倉暴量 🚬菸屁股,BUY_WATCH,6
CRWV,2026-05-01,150.0,0.12,5185,1357,107.22702636718753,5,🆕新倉暴量 🚬菸屁股,BUY_WATCH,6
ONDS,2026-05-01,10.0,0.79,5179,1263,86.7188828125,5,🆕新倉暴量 🚬菸屁股,BUY_WATCH,6
SMR,2026-05-01,14.0,0.2,3989,1252,117.1879140625,5,🆕新倉暴量 🚬菸屁股,BUY_WATCH,6
OKLO,2026-05-01,100.0,0.24,1520,1210,140.8206083984375,5,🆕新倉暴量 🚬菸屁股,BUY_WATCH,6
NBIS,2026-05-01,190.0,0.31,1101,1159,109.47310888671878,5,🆕新倉暴量 🚬菸屁股,BUY_WATCH,6
HOOD,2026-05-01,105.0,0.27,2047,1060,95.89847851562499,5,🆕新倉暴量 🚬菸屁股,BUY_WATCH,6
ASTS,2026-05-01,95.0,0.36,2048,1020,103.12548437500001,5,🆕新倉暴量 🚬菸屁股,BUY_WATCH,6
UPST,2026-05-01,37.0,0.29,1119,996,72.26590234375,5,🆕新倉暴量 🚬菸屁股,BUY_WATCH,6
IREN,2026-05-01,62.0,0.37,3238,966,109.57076464843752,5,🆕新倉暴量 🚬菸屁股,BUY_WATCH,6
U,2026-05-01,28.0,0.36,2608,956,73.437765625,5,🆕新倉暴量 🚬菸屁股,BUY_WATCH,6
RKLB,2026-05-01,95.0,0.4,3691,943,88.37902246093749,5,🆕新倉暴量 🚬菸屁股,BUY_WATCH,6
SMCI,2026-05-01,40.0,0.04,929,906,107.81296093750001,5,🆕新倉暴量 🚬菸屁股,BUY_WATCH,6
NBIS,2026-05-01,210.0,0.01,1010,903,119.53165234375001,5,🆕新倉暴量 🚬菸屁股,BUY_WATCH,6
SMR,2026-05-01,14.5,0.15,1683,895,117.96916015624998,5,🆕新倉暴量 🚬菸屁股,BUY_WATCH,6
CRWV,2026-05-01,140.0,0.28,2037,870,102.24658251953124,5,🆕新倉暴量 🚬菸屁股,BUY_WATCH,6
SOFI,2026-05-01,23.5,0.04,796,845,96.87503124999999,5,🆕新倉暴量 🚬菸屁股,BUY_WATCH,6
IONQ,2026-05-01,48.0,0.62,1382,827,98.437515625,5,🆕新倉暴量 🚬菸屁股,BUY_WATCH,6
HOOD,2026-05-01,110.0,0.15,2647,802,100.1958115234375,5,🆕新倉暴量 🚬菸屁股,BUY_WATCH,6
HIMS,2026-05-01,37.0,0.25,2687,798,108.203583984375,5,🆕新倉暴量 🚬菸屁股,BUY_WATCH,6
IONQ,2026-05-01,50.0,0.42,1866,736,101.95361523437501,5,🆕新倉暴量 🚬菸屁股,BUY_WATCH,6
DKNG,2026-05-01,25.0,0.13,3191,736,51.17236328125,5,🆕新倉暴量 🚬菸屁股,BUY_WATCH,6
LUNR,2026-05-01,27.0,0.9,1810,728,104.68797656250001,5,🆕新倉暴量 🚬菸屁股,BUY_WATCH,6
SMCI,2026-05-01,38.0,0.06,979,678,102.73486132812502,5,🆕新倉暴量 🚬菸屁股,BUY_WATCH,6
SMCI,2026-05-01,34.0,0.16,857,674,84.37515624999999,5,🆕新倉暴量 🚬菸屁股,BUY_WATCH,6
DKNG,2026-05-01,24.0,0.4,2877,668,53.320779296874996,5,🆕新倉暴量 🚬菸屁股,BUY_WATCH,6
DKNG,2026-05-01,24.5,0.22,952,590,53.320779296874996,5,🆕新倉暴量 🚬菸屁股,BUY_WATCH,6
ASTS,2026-05-01,110.0,0.07,1389,581,117.57853710937498,5,🆕新倉暴量 🚬菸屁股,BUY_WATCH,6
IREN,2026-05-01,65.0,0.22,1677,572,123.63319433593749,5,🆕新倉暴量 🚬菸屁股,BUY_WATCH,6
ASTS,2026-05-01,88.0,0.8,1001,532,96.289099609375,5,🆕新倉暴量 🚬菸屁股,BUY_WATCH,6
HIMS,2026-05-01,38.0,0.18,1357,524,109.57076464843752,5,🆕新倉暴量 🚬菸屁股,BUY_WATCH,6
OPEN,2026-05-01,7.5,0.02,2069,522,134.37532812499998,5,🆕新倉暴量 🚬菸屁股,BUY_WATCH,6
SOFI,2026-05-01,27.0,0.01,1483,521,121.875390625,5,🆕新倉暴量 🚬菸屁股,BUY_WATCH,6
LUNR,2026-05-01,30.0,0.25,1272,513,110.74263378906251,5,🆕新倉暴量 🚬菸屁股,BUY_WATCH,6
IONQ,2026-05-01,47.0,0.86,1207,496,95.89847851562499,5,🆕新倉暴量 🚬菸屁股,BUY_WATCH,6
VST,2026-05-01,180.0,0.83,1062,493,54.834436035156266,5,🆕新倉暴量 🚬菸屁股,BUY_WATCH,6
HOOD,2026-05-01,115.0,0.09,995,447,103.90673046875003,5,🆕新倉暴量 🚬菸屁股,BUY_WATCH,6
OPEN,2026-05-01,4.5,0.98,2021,439,143.75028125,5,🆕新倉暴量 🚬菸屁股,BUY_WATCH,6
PATH,2026-05-01,10.5,0.33,1265,418,67.18782812500001,5,🆕新倉暴量 🚬菸屁股,BUY_WATCH,6
NVDA,2026-05-15,225.0,1.95,13944,16955,36.47524462890625,19,🚨異常掃貨,STRONG_BUY,5
IONQ,2026-05-15,50.0,2.22,6133,10861,114.35589697265624,19,🚨異常掃貨,STRONG_BUY,5
NVDA,2026-05-01,200.0,10.06,21863,18301,43.38435522460938,5,🆕新倉暴量,HOLD,3
AAPL,2026-05-01,275.0,3.9,13298,10637,37.47621118164062,5,🆕新倉暴量,HOLD,3
SMCI,2026-05-01,27.5,2.11,10254,10618,82.226740234375,5,🆕新倉暴量,HOLD,3
HOOD,2026-05-01,90.0,2.21,10876,10196,90.18564501953125,5,🆕新倉暴量,HOLD,3
NVDA,2026-05-15,235.0,0.8,51800,9822,37.305314453125,19,🚬菸屁股 🔥萬人塚,HOLD,3
NBIS,2026-05-01,175.0,1.0,7199,8618,96.72854833984375,5,🆕新倉暴量,HOLD,3
AAPL,2026-05-01,280.0,2.23,9182,7960,37.68372863769531,5,🆕新倉暴量,HOLD,3
PLTR,2026-05-01,152.5,1.0,16416,7611,50.19581054687501,5,🆕新倉暴量,HOLD,3
HIMS,2026-05-15,40.0,1.04,12816,7495,124.31678466796873,19,🆕新倉暴量,HOLD,3
AAPL,2026-05-15,270.0,8.2,27955,7277,29.975065490722653,19,🆕新倉暴量,HOLD,3
NBIS,2026-05-15,200.0,2.38,8742,7113,104.24852563476566,19,🆕新倉暴量,HOLD,3
MSTR,2026-05-01,192.5,1.4,10629,6124,78.97970239257812,5,🆕新倉暴量,HOLD,3
MSFT,2026-05-01,445.0,6.82,23409,5570,61.69471899414063,5,🆕新倉暴量,HOLD,3
AAPL,2026-05-01,285.0,1.23,6375,5507,37.47621118164062,5,🆕新倉暴量,HOLD,3
COIN,2026-05-01,205.0,5.6,6851,5444,71.06962524414062,5,🆕新倉暴量,HOLD,3
TSLA,2026-05-15,400.0,6.5,17339,5390,42.0904228515625,19,🆕新倉暴量,HOLD,3
NVDA,2026-07-17,250.0,3.6,12792,5120,38.95324719238281,82,🆕新倉暴量,HOLD,3
COIN,2026-05-01,215.0,2.9,7231,5079,72.80300634765625,5,🆕新倉暴量,HOLD,3
TSLA,2026-05-15,420.0,3.01,12138,4871,43.18294122314453,19,🆕新倉暴量,HOLD,3
MSFT,2026-05-01,450.0,5.62,6580,4713,61.97547790527344,5,🆕新倉暴量,HOLD,3
AAPL,2026-05-01,270.0,6.3,6323,4562,38.50159155273437,5,🆕新倉暴量,HOLD,3
IBIT,2026-05-15,50.0,0.2,42054,4445,40.332627929687504,19,🚬菸屁股 🔥萬人塚,HOLD,3
HOOD,2026-05-01,95.0,1.11,3987,4383,90.86923193359374,5,🆕新倉暴量,HOLD,3
AAPL,2026-05-15,300.0,0.65,36106,4346,29.321995849609365,19,🚬菸屁股 🔥萬人塚,HOLD,3
SMCI,2026-05-01,29.0,1.24,6216,4226,78.2228740234375,5,🆕新倉暴量,HOLD,3
TSLA,2026-05-01,405.0,1.43,6399,4054,44.87359814453124,5,🆕新倉暴量,HOLD,3
PLTR,2026-05-01,148.0,2.02,7854,3995,50.39112109375,5,🆕新倉暴量,HOLD,3
TSLA,2026-05-01,382.5,6.14,6463,3979,42.50545776367188,5,🆕新倉暴量,HOLD,3
SOFI,2026-05-15,22.0,0.3,33671,3730,74.414318359375,19,🚬菸屁股 🔥萬人塚,HOLD,3
SMCI,2027-01-15,30.0,7.5,13278,3706,82.71501660156248,264,🆕新倉暴量,HOLD,3
MSFT,2026-05-15,420.0,20.0,9500,3609,44.29987341308594,19,🆕新倉暴量,HOLD,3
SOFI,2026-05-15,20.0,0.72,118898,3565,74.02369726562499,19,🚬菸屁股 🔥萬人塚,HOLD,3
PLTR,2026-05-01,147.0,2.42,5272,3399,50.73291455078125,5,🆕新倉暴量,HOLD,3
HOOD,2026-05-01,85.0,4.15,3286,3382,91.1133701171875,5,🆕新倉暴量,HOLD,3
IREN,2026-05-01,50.0,3.35,7840,3140,108.69186279296876,5,🆕新倉暴量,HOLD,3
SOFI,2026-05-01,18.0,1.2,9307,2907,96.289099609375,5,🆕新倉暴量,HOLD,3
MSFT,2026-05-01,440.0,8.25,5721,2761,61.46889117431642,5,🆕新倉暴量,HOLD,3
GOOG,2026-05-01,325.0,20.97,6698,2717,51.42870837402342,5,🆕新倉暴量,HOLD,3
IBIT,2026-05-15,48.0,0.44,37481,2567,39.942006835937505,19,🚬菸屁股 🔥萬人塚,HOLD,3
CRWV,2026-05-01,125.0,1.5,3458,2444,98.1445498046875,5,🆕新倉暴量,HOLD,3
HIMS,2026-05-01,28.5,2.8,3699,2341,93.164130859375,5,🆕新倉暴量,HOLD,3
ONDS,2026-05-15,12.0,0.58,33780,2296,107.81296093750001,19,🚬菸屁股 🔥萬人塚,HOLD,3
HIMS,2026-05-01,29.0,2.45,1947,1843,93.7500625,5,🆕新倉暴量,HOLD,3
OKLO,2026-05-15,100.0,1.6,2534,1811,126.61169506835934,19,🆕新倉暴量,HOLD,3
IONQ,2026-05-01,45.0,1.4,1696,1748,96.72854833984375,5,🆕新倉暴量,HOLD,3
IBIT,2026-05-15,46.0,0.89,38482,1722,40.5279384765625,19,🚬菸屁股 🔥萬人塚,HOLD,3
HOOD,2026-05-01,91.0,1.93,1904,1699,90.47861083984375,5,🆕新倉暴量,HOLD,3
SOFI,2026-05-15,24.0,0.13,84507,1677,77.148666015625,19,🚬菸屁股 🔥萬人塚,HOLD,3
HOOD,2026-05-01,89.0,2.53,7393,1603,90.23447265624999,5,🆕新倉暴量,HOLD,3
HIMS,2026-05-01,31.5,1.26,2078,1581,95.312546875,5,🆕新倉暴量,HOLD,3
HOOD,2026-05-01,84.0,4.6,1545,1562,90.40536938476562,5,🆕新倉暴量,HOLD,3
HIMS,2026-05-01,28.0,3.0,2216,1395,93.6524072265625,5,🆕新倉暴量,HOLD,3
ASTS,2026-05-01,80.0,2.44,1344,1361,91.3086806640625,5,🆕新倉暴量,HOLD,3
ASTS,2026-05-01,85.0,1.24,1588,1344,94.43364941406249,5,🆕新倉暴量,HOLD,3
HIMS,2026-07-17,30.0,5.85,2917,1308,99.56055126953125,82,🆕新倉暴量,HOLD,3
ACHR,2027-01-15,10.0,0.72,33935,1239,87.5977802734375,264,🚬菸屁股 🔥萬人塚,HOLD,3
OKLO,2026-05-15,85.0,3.73,1523,1205,119.60489416503907,19,🆕新倉暴量,HOLD,3
HOOD,2026-05-01,94.0,1.3,2273,1167,90.57626611328125,5,🆕新倉暴量,HOLD,3
RKLB,2026-05-15,100.0,1.87,5521,1157,97.33889379882812,19,🆕新倉暴量,HOLD,3
HOOD,2026-05-01,86.0,3.67,1725,1063,90.47861083984375,5,🆕新倉暴量,HOLD,3
CRWV,2026-05-01,121.0,2.3,1265,1059,98.7304814453125,5,🆕新倉暴量,HOLD,3
XYZ,2026-05-01,73.0,1.41,2054,1037,50.879397460937504,5,🆕新倉暴量,HOLD,3
PATH,2026-05-15,15.0,0.04,107221,974,85.1563984375,19,🚬菸屁股 🔥萬人塚,HOLD,3
CRWV,2026-05-01,123.0,1.86,1108,913,97.55861816406251,5,🆕新倉暴量,HOLD,3
IBIT,2026-05-15,62.0,0.01,46106,908,57.812921875,19,🚬菸屁股 🔥萬人塚,HOLD,3
RKLB,2026-05-01,82.0,2.75,861,875,84.961087890625,5,🆕新倉暴量,HOLD,3
SMCI,2026-05-15,27.0,3.87,3355,836,97.31447998046875,19,🆕新倉暴量,HOLD,3
ONDS,2028-01-21,30.0,2.05,57540,822,92.13875048828125,635,🔭LEAPS 🔥萬人塚,HOLD,3
NVDA,2028-01-21,250.0,38.83,32040,800,48.62111926269531,635,🔭LEAPS 🔥萬人塚,HOLD,3
HOOD,2026-05-01,83.0,5.05,879,737,91.04012866210938,5,🆕新倉暴量,HOLD,3
RKLB,2026-05-01,80.0,3.6,2179,697,85.25405371093751,5,🆕新倉暴量,HOLD,3
HOOD,2026-05-01,88.0,2.87,1407,670,90.3321279296875,5,🆕新倉暴量,HOLD,3
OPEN,2026-05-01,10.0,0.01,1246,642,193.75003125,5,🆕新倉暴量 ⚠️IV頂峰 🚬菸屁股,BUY_WATCH,3
LUNR,2026-05-15,25.0,2.95,1477,605,114.60003637695313,19,🆕新倉暴量,HOLD,3
SMR,2026-08-21,15.0,2.0,2861,580,109.86373193359378,117,🆕新倉暴量,HOLD,3
SMCI,2026-05-15,33.0,1.26,2306,574,93.164130859375,19,🆕新倉暴量,HOLD,3
OPEN,2027-01-15,10.0,0.88,32101,567,100.39112304687498,264,🚬菸屁股 🔥萬人塚,HOLD,3
SOFI,2027-01-15,35.0,0.96,30402,540,67.52962158203127,264,🚬菸屁股 🔥萬人塚,HOLD,3
CRWV,2026-05-01,126.0,1.35,841,527,97.80275634765626,5,🆕新倉暴量,HOLD,3
HOOD,2026-05-01,87.0,3.25,1553,525,90.67392138671875,5,🆕新倉暴量,HOLD,3
VST,2026-05-01,175.0,1.52,1118,510,54.44381494140625,5,🆕新倉暴量,HOLD,3
RKLB,2026-05-01,84.0,1.95,971,494,84.8634326171875,5,🆕新倉暴量,HOLD,3
CRWV,2026-05-01,116.0,3.75,814,486,100.9770576171875,5,🆕新倉暴量,HOLD,3
SOFI,2026-05-01,17.5,1.52,1484,481,98.242205078125,5,🆕新倉暴量,HOLD,3
HOOD,2026-05-01,92.0,1.7,1306,481,90.3321279296875,5,🆕新倉暴量,HOLD,3
IONQ,2026-05-01,44.0,1.75,785,470,97.26565234374999,5,🆕新倉暴量,HOLD,3
NVDA,2028-01-21,300.0,26.51,91833,461,47.676609664916995,635,🔭LEAPS 🔥萬人塚,HOLD,3
ASTS,2026-05-01,81.0,2.11,772,446,91.84578466796876,5,🆕新倉暴量,HOLD,3
SMCI,2026-05-15,34.0,1.06,1410,430,95.21489160156248,19,🆕新倉暴量,HOLD,3
SMR,2026-07-17,15.0,1.54,1136,430,110.35201074218752,82,🆕新倉暴量,HOLD,3
OPEN,2028-01-21,20.0,3.25,37480,327,25.00075,635,🔭LEAPS 🔥萬人塚,HOLD,3
ONDS,2027-01-15,30.0,0.68,72100,269,97.75392871093752,264,🚬菸屁股 🔥萬人塚,HOLD,3
ACHR,2026-07-17,10.0,0.15,50024,228,92.38288867187501,82,🚬菸屁股 🔥萬人塚,HOLD,3
NVDA,2028-01-21,400.0,13.38,52775,194,47.20816952514648,635,🔭LEAPS 🔥萬人塚,HOLD,3
PATH,2027-01-15,30.0,0.27,34980,124,79.1994267578125,264,🚬菸屁股 🔥萬人塚,HOLD,3
IBIT,2027-01-15,100.0,0.35,38695,24,52.10008837890624,264,🚬菸屁股 🔥萬人塚,HOLD,3
IBIT,2026-05-15,63.0,0.02,71138,14,57.0316796875,19,🚬菸屁股 🔥萬人塚,HOLD,3
IBIT,2027-01-15,90.0,0.49,38025,11,50.34229345703125,264,🚬菸屁股 🔥萬人塚,HOLD,3
SOFI,2026-09-18,32.0,0.5,43971,8,68.26203613281253,145,🚬菸屁股 🔥萬人塚,HOLD,3
NVDA,2026-05-15,210.0,6.77,82208,57031,37.90345300292969,19,🔥萬人塚,HOLD,2
NVDA,2026-05-15,215.0,4.65,32754,36660,37.25648681640625,19,🔥萬人塚,HOLD,2
NVDA,2026-05-15,230.0,1.24,33484,34502,36.69496899414062,19,🔥萬人塚,HOLD,2
NVDA,2026-05-15,220.0,3.05,36181,27356,36.92079681396484,19,🔥萬人塚,HOLD,2
NVDA,2026-05-15,200.0,12.64,131150,21933,40.10069665527344,19,🔥萬人塚,HOLD,2
NVDA,2026-05-15,205.0,9.45,46614,21015,38.977661010742196,19,🔥萬人塚,HOLD,2
NVDA,2026-05-15,195.0,16.35,73108,12179,41.96835375976563,19,🔥萬人塚,HOLD,2
NVDA,2026-07-17,220.0,11.15,34300,10362,40.34483483886719,82,🔥萬人塚,HOLD,2
AAPL,2026-05-15,285.0,2.54,33149,8998,28.68113311767577,19,🔥萬人塚,HOLD,2
MSFT,2026-05-01,460.0,3.68,41609,7892,62.69568554687501,5,🔥萬人塚,HOLD,2
NVDA,2027-01-15,300.0,7.9,57577,7084,43.48811395263672,264,🔥萬人塚,HOLD,2
NVDA,2026-05-15,190.0,20.47,49753,5528,44.03132141113281,19,🔥萬人塚,HOLD,2
MSFT,2026-05-01,490.0,1.03,37413,5493,65.57651611328126,5,🔥萬人塚,HOLD,2
NVDA,2026-05-01,195.0,14.2,71374,4432,45.654840332031256,5,🔥萬人塚,HOLD,2
AAPL,2026-05-15,280.0,3.9,38006,4066,28.82151257324218,19,🔥萬人塚,HOLD,2
NVDA,2026-07-17,200.0,21.1,36800,3145,42.926596130371095,82,🔥萬人塚,HOLD,2
NVDA,2027-01-15,200.0,36.8,92320,3121,47.351600708007815,264,🔥萬人塚,HOLD,2
IBIT,2026-05-15,45.0,1.25,96594,3037,40.77207666015625,19,🔥萬人塚,HOLD,2
NVDA,2027-01-15,250.0,17.2,43090,2839,44.113718048095706,264,🔥萬人塚,HOLD,2
NVDA,2026-05-15,185.0,24.9,35309,2187,46.619186157226565,19,🔥萬人塚,HOLD,2
NVDA,2026-05-15,180.0,29.38,38696,1839,50.24463818359376,19,🔥萬人塚,HOLD,2
NVDA,2026-09-18,240.0,11.1,36699,1801,42.08431939697266,145,🔥萬人塚,HOLD,2
PLTR,2026-05-15,150.0,6.35,33298,1758,66.77279321289065,19,🔥萬人塚,HOLD,2
SMCI,2026-05-15,32.0,1.51,47640,1695,95.01958105468748,19,🔥萬人塚,HOLD,2
NVDA,2027-01-15,210.0,31.85,30579,1549,46.353685882568364,264,🔥萬人塚,HOLD,2
NVDA,2027-01-15,230.0,23.54,31475,1491,45.19402951049805,264,🔥萬人塚,HOLD,2
IBIT,2027-01-15,50.0,5.2,35873,1134,49.31691308593751,264,🔥萬人塚,HOLD,2
TSLA,2027-01-15,960.0,2.92,120446,1072,57.007265869140625,264,🔥萬人塚,HOLD,2
SOFI,2027-01-15,25.0,2.24,65400,1031,66.79720703125001,264,🔥萬人塚,HOLD,2
AAPL,2027-01-15,300.0,15.71,67555,991,28.684184844970694,264,🔥萬人塚,HOLD,2
AAPL,2026-07-17,295.0,5.05,89396,947,25.717905914306638,82,🔥萬人塚,HOLD,2
SOFI,2027-01-15,20.0,3.65,61493,936,67.96907031250001,264,🔥萬人塚,HOLD,2
SOFI,2027-01-15,30.0,1.42,63667,935,66.96810375976563,264,🔥萬人塚,HOLD,2
AAPL,2027-01-15,280.0,24.2,31941,913,30.393152130126953,264,🔥萬人塚,HOLD,2
NVDA,2027-01-15,290.0,9.1,46423,881,43.47285531616212,264,🔥萬人塚,HOLD,2
AAPL,2026-07-17,280.0,10.17,41995,781,27.091183197021486,82,🔥萬人塚,HOLD,2
NVDA,2027-01-15,340.0,4.3,69690,704,43.732252136230464,264,🔥萬人塚,HOLD,2
NVDA,2027-01-15,180.0,48.5,54395,600,49.72584454345704,264,🔥萬人塚,HOLD,2
IBIT,2026-05-15,42.0,2.96,38611,412,44.092355957031245,19,🔥萬人塚,HOLD,2
MSFT,2026-05-15,445.0,9.4,36660,400,42.97542376708985,19,🔥萬人塚,HOLD,2
MSFT,2027-01-15,625.0,5.5,52090,329,32.89556851196288,264,🔥萬人塚,HOLD,2
IBIT,2026-05-15,40.0,4.5,41194,305,49.1216025390625,19,🔥萬人塚,HOLD,2
SOFI,2026-09-18,22.0,1.9,80030,282,66.94368994140626,145,🔥萬人塚,HOLD,2
IBIT,2027-01-15,60.0,2.58,36276,264,47.363807617187504,264,🔥萬人塚,HOLD,2
OPEN,2027-01-15,7.0,1.39,33929,236,97.6562734375,264,🔥萬人塚,HOLD,2
SOFI,2027-01-15,15.0,5.95,40350,221,72.51004052734375,264,🔥萬人塚,HOLD,2
TSLA,2027-01-15,940.0,3.13,100503,60,56.44574804687501,264,🔥萬人塚,HOLD,2
IBIT,2026-09-18,55.0,1.68,32254,23,44.77594287109375,145,🔥萬人塚,HOLD,2
OPEN,2027-01-15,1.5,6.67,49508,7,0.0010000000000000002,264,🔥萬人塚,HOLD,2
OPEN,2026-05-15,6.0,0.39,23340,8037,112.109814453125,19,🚬菸屁股,HOLD,1
NVDA,2026-05-15,240.0,0.53,21030,7929,38.23303955078124,19,🚬菸屁股,HOLD,1
ONDS,2026-05-15,14.0,0.22,24984,7143,112.89106054687501,19,🚬菸屁股,HOLD,1
NVDA,2026-05-15,250.0,0.27,20221,6244,41.06504248046875,19,🚬菸屁股,HOLD,1
ONDS,2026-05-01,11.0,0.33,24688,4767,87.30481445312499,5,🚬菸屁股,HOLD,1
HIMS,2026-05-15,45.0,0.59,3856,3179,129.00426123046876,19,🚬菸屁股,HOLD,1
HIMS,2026-05-15,60.0,0.15,7120,2558,145.5080849609375,19,🚬菸屁股,HOLD,1
VST,2026-05-15,210.0,0.66,3015,2505,63.13513427734375,19,🚬菸屁股,HOLD,1
CRWV,2026-05-15,170.0,0.86,5966,2469,113.47699511718751,19,🚬菸屁股,HOLD,1
OPEN,2026-05-15,7.0,0.18,29827,2356,116.01604492187501,19,🚬菸屁股,HOLD,1
OPEN,2026-05-15,10.0,0.05,18909,2353,145.3127734375,19,🚬菸屁股,HOLD,1
AAPL,2026-05-01,295.0,0.37,5717,2320,39.16076464843749,5,🚬菸屁股,HOLD,1
NVDA,2028-01-21,210.0,53.9,9043,2294,50.54981091308592,635,🔭LEAPS,HOLD,1
NVDA,2026-05-15,245.0,0.37,7210,2230,39.7466962890625,19,🚬菸屁股,HOLD,1
AMD,2026-05-15,530.0,0.67,12091,2180,86.0352958984375,19,🚬菸屁股,HOLD,1
MSTR,2026-05-01,230.0,0.16,7117,2132,100.09815576171874,5,🚬菸屁股,HOLD,1
NVDA,2026-05-15,270.0,0.1,11463,2000,47.7544287109375,19,🚬菸屁股,HOLD,1
SMCI,2026-05-15,40.0,0.34,15553,1841,100.1958115234375,19,🚬菸屁股,HOLD,1
MSTR,2026-05-01,220.0,0.24,5687,1589,93.35944140625,5,🚬菸屁股,HOLD,1
PLTR,2026-05-15,190.0,0.51,5406,1554,70.0198310546875,19,🚬菸屁股,HOLD,1
PATH,2026-05-15,10.0,0.85,5191,1465,70.312796875,19,🚬菸屁股,HOLD,1
CRWV,2026-05-15,200.0,0.32,2545,1431,117.77384863281249,19,🚬菸屁股,HOLD,1
ACHR,2028-01-21,7.0,2.23,21001,1384,89.74619628906248,635,🔭LEAPS,HOLD,1
U,2026-05-01,27.0,0.65,9794,1346,73.34011035156249,5,🚬菸屁股,HOLD,1
NVDA,2026-05-15,260.0,0.17,12237,1330,44.482977050781244,19,🚬菸屁股,HOLD,1
NVDA,2026-07-17,300.0,0.63,9442,1315,41.71200866699218,82,🚬菸屁股,HOLD,1
SOFI,2028-01-21,40.0,2.5,13295,1307,67.74934594726562,635,🔭LEAPS,HOLD,1
TSLA,2026-05-01,535.0,0.06,6123,1257,92.9688203125,5,🚬菸屁股,HOLD,1
JOBY,2028-01-21,8.0,3.75,3509,1252,85.25405371093751,635,🔭LEAPS,HOLD,1
ONDS,2026-05-01,12.5,0.08,6815,1242,100.0005,5,🚬菸屁股,HOLD,1
SMR,2026-05-15,15.0,0.52,6835,1211,129.88316308593747,19,🚬菸屁股,HOLD,1
AAPL,2026-05-15,310.0,0.25,15757,1176,30.567100585937503,19,🚬菸屁股,HOLD,1
NVDA,2026-08-21,420.0,0.18,6631,1175,49.951672363281254,117,🚬菸屁股,HOLD,1
SMR,2026-05-15,13.0,0.97,9751,1148,121.48476757812499,19,🚬菸屁股,HOLD,1
OPEN,2026-05-15,5.0,0.82,17138,1110,109.375453125,19,🚬菸屁股,HOLD,1
ONDS,2026-05-15,11.0,0.86,12394,1109,105.078599609375,19,🚬菸屁股,HOLD,1
SOFI,2026-05-15,25.0,0.1,28486,1104,79.29708203125,19,🚬菸屁股,HOLD,1
PATH,2026-05-15,11.0,0.41,5067,1084,67.57844921875001,19,🚬菸屁股,HOLD,1
SMCI,2026-05-15,35.0,0.84,16131,1071,95.41020214843749,19,🚬菸屁股,HOLD,1
NVDA,2028-01-21,410.0,12.65,13988,1063,47.258523025512694,635,🔭LEAPS,HOLD,1
TSLA,2026-05-15,500.0,0.39,10024,1047,56.88519677734375,19,🚬菸屁股,HOLD,1
AAPL,2026-05-15,315.0,0.17,6646,1034,31.39717041015625,19,🚬菸屁股,HOLD,1
SMR,2026-05-15,14.0,0.74,2674,1021,122.8519482421875,19,🚬菸屁股,HOLD,1
U,2028-01-21,45.0,5.7,3669,1012,77.49045947265626,635,🔭LEAPS,HOLD,1
U,2026-05-01,30.0,0.11,5264,1009,76.95335546875,5,🚬菸屁股,HOLD,1
HIMS,2026-05-15,50.0,0.35,6540,1002,134.57063964843746,19,🚬菸屁股,HOLD,1
NVDA,2026-09-18,420.0,0.29,8067,988,47.70560107421875,145,🚬菸屁股,HOLD,1
SOFI,2026-05-01,24.0,0.03,6967,976,101.5629921875,5,🚬菸屁股,HOLD,1
OPEN,2026-08-21,7.0,0.81,18955,955,100.9770576171875,117,🚬菸屁股,HOLD,1
CRWV,2026-05-15,180.0,0.54,2816,933,114.74652001953123,19,🚬菸屁股,HOLD,1
SOFI,2026-09-18,30.0,0.64,17255,928,67.38313867187502,145,🚬菸屁股,HOLD,1
JOBY,2026-07-17,11.0,0.49,10362,914,80.664255859375,82,🚬菸屁股,HOLD,1
SMCI,2026-05-15,42.0,0.26,2751,906,99.804689453125,19,🚬菸屁股,HOLD,1
NVDA,2028-01-21,420.0,11.8,22711,837,47.238686798095706,635,🔭LEAPS,HOLD,1
SOFI,2026-05-15,21.0,0.47,15288,827,73.92604199218749,19,🚬菸屁股,HOLD,1
SMCI,2026-05-15,45.0,0.16,6197,804,101.95361523437501,19,🚬菸屁股,HOLD,1
HIMS,2026-05-15,42.0,0.83,2281,794,127.05114599609372,19,🚬菸屁股,HOLD,1
NVDA,2026-05-15,280.0,0.07,5985,793,50.586431640624994,19,🚬菸屁股,HOLD,1
SOFI,2026-05-01,23.0,0.06,6567,784,96.0937890625,5,🚬菸屁股,HOLD,1
NVDA,2026-05-15,300.0,0.04,5345,783,56.250437500000004,19,🚬菸屁股,HOLD,1
IBIT,2026-05-15,52.0,0.09,6437,782,42.188078125,19,🚬菸屁股,HOLD,1
SOFI,2026-05-15,26.0,0.08,9796,782,83.20329296874999,19,🚬菸屁股,HOLD,1
NVDA,2026-05-15,350.0,0.01,7437,757,65.62534375000001,19,🚬菸屁股,HOLD,1
ACHR,2026-05-01,6.5,0.04,6293,727,78.12521875,5,🚬菸屁股,HOLD,1
OPEN,2026-05-15,8.0,0.09,16563,686,121.09414453124998,19,🚬菸屁股,HOLD,1
JOBY,2026-05-01,10.0,0.04,17674,679,86.7188828125,5,🚬菸屁股,HOLD,1
U,2026-05-01,27.5,0.51,5015,678,74.7072841796875,5,🚬菸屁股,HOLD,1
SOFI,2026-05-15,23.0,0.19,24975,677,75.39087109375001,19,🚬菸屁股,HOLD,1
SOFI,2027-01-15,40.0,0.67,24230,675,68.31086376953127,264,🚬菸屁股,HOLD,1
PLTR,2026-05-15,180.0,0.94,14686,672,67.773759765625,19,🚬菸屁股,HOLD,1
ONDS,2026-05-15,15.0,0.17,8070,641,114.84417578124999,19,🚬菸屁股,HOLD,1
NVDA,2028-01-21,200.0,57.45,24441,625,50.639836868286125,635,🔭LEAPS,HOLD,1
SOFI,2026-05-01,25.0,0.04,4901,621,114.0629296875,5,🚬菸屁股,HOLD,1
ONDS,2026-05-15,12.5,0.45,10414,612,107.22702636718753,19,🚬菸屁股,HOLD,1
IREN,2026-05-01,70.0,0.1,3671,608,126.95349023437497,5,🚬菸屁股,HOLD,1
SMCI,2026-07-17,60.0,0.35,3652,582,91.211025390625,82,🚬菸屁股,HOLD,1
PLTR,2026-05-15,200.0,0.32,11735,578,72.9494892578125,19,🚬菸屁股,HOLD,1
ONDS,2026-05-15,13.0,0.33,16693,578,109.375453125,19,🚬菸屁股,HOLD,1
ACHR,2028-01-21,10.0,1.7,13962,572,90.62509374999999,635,🔭LEAPS,HOLD,1
SOFI,2028-01-21,32.0,3.47,2354,555,68.15217395019533,635,🔭LEAPS,HOLD,1
NVDA,2026-05-15,310.0,0.03,5754,550,59.766027343750004,19,🚬菸屁股,HOLD,1
IREN,2026-05-15,75.0,0.95,5483,544,130.17613037109373,19,🚬菸屁股,HOLD,1
IBIT,2027-01-15,120.0,0.22,18019,529,55.9574716796875,264,🚬菸屁股,HOLD,1
PATH,2026-05-15,12.0,0.2,9562,504,70.898728515625,19,🚬菸屁股,HOLD,1
ACHR,2026-05-15,6.0,0.36,4008,491,90.62509374999999,19,🚬菸屁股,HOLD,1
AAPL,2026-05-15,305.0,0.41,8542,485,29.883513671874994,19,🚬菸屁股,HOLD,1
NVDA,2026-09-18,400.0,0.41,10941,471,46.50932397460938,145,🚬菸屁股,HOLD,1
OPEN,2028-01-21,15.0,1.35,23545,449,99.804689453125,635,🔭LEAPS,HOLD,1
ACHR,2026-05-15,7.0,0.13,9850,439,92.9688203125,19,🚬菸屁股,HOLD,1
IBIT,2026-05-15,47.0,0.62,18911,435,39.942006835937505,19,🚬菸屁股,HOLD,1
NVDA,2026-05-15,320.0,0.04,5253,431,61.71913281250001,19,🚬菸屁股,HOLD,1
ONDS,2026-05-15,13.5,0.31,992,430,108.59420703125,19,🚬菸屁股,HOLD,1
ONDS,2028-01-21,12.0,4.75,10128,412,94.06744213867188,635,🔭LEAPS,HOLD,1
ASTS,2026-05-15,125.0,0.47,3746,409,119.43399658203124,19,🚬菸屁股,HOLD,1
OPEN,2026-05-15,9.0,0.05,12906,407,142.1877890625,19,🚬菸屁股,HOLD,1
IBIT,2026-05-15,55.0,0.04,15909,401,46.87553125,19,🚬菸屁股,HOLD,1
ACHR,2026-05-15,8.0,0.06,3599,399,99.2187578125,19,🚬菸屁股,HOLD,1
TSLA,2026-05-15,460.0,0.85,6879,387,48.511257080078124,19,🚬菸屁股,HOLD,1
ONDS,2026-05-15,11.5,0.68,921,386,106.25046875000001,19,🚬菸屁股,HOLD,1
ONDS,2026-05-15,18.0,0.11,1101,382,135.93782031249998,19,🚬菸屁股,HOLD,1
SOFI,2026-08-21,32.0,0.35,7091,380,68.65265722656251,117,🚬菸屁股,HOLD,1
HOOD,2026-05-15,130.0,0.16,2207,380,88.08605664062499,19,🚬菸屁股,HOLD,1
IONQ,2026-05-15,60.0,0.75,3302,378,117.82267651367184,19,🚬菸屁股,HOLD,1
SOFI,2028-06-16,47.0,2.6,8103,378,68.60382958984376,782,🔭LEAPS,HOLD,1
ONDS,2026-05-01,13.0,0.06,5244,378,103.90673046875003,5,🚬菸屁股,HOLD,1
NVDA,2028-01-21,350.0,18.96,26362,366,47.33939379882813,635,🔭LEAPS,HOLD,1
HOOD,2026-05-15,110.0,0.68,6226,361,77.97873583984375,19,🚬菸屁股,HOLD,1
SOFI,2026-05-15,30.0,0.04,13535,359,100.0005,19,🚬菸屁股,HOLD,1
TSLA,2028-01-21,800.0,27.2,6814,358,53.40470179748535,635,🔭LEAPS,HOLD,1
PLTR,2026-05-15,185.0,0.71,5121,357,68.94562304687501,19,🚬菸屁股,HOLD,1
HIMS,2026-05-01,34.5,0.49,1901,356,99.023447265625,5,🚬菸屁股,HOLD,1
SMCI,2028-01-21,70.0,5.1,1023,354,81.2379805908203,635,🔭LEAPS,HOLD,1
SOFI,2027-01-15,47.0,0.43,19424,352,70.21514160156251,264,🚬菸屁股,HOLD,1
RKLB,2026-05-01,105.0,0.08,819,348,98.437515625,5,🚬菸屁股,HOLD,1
UPST,2026-05-01,35.0,0.75,1174,343,75.586181640625,5,🚬菸屁股,HOLD,1
OPEN,2026-09-18,10.0,0.47,5132,343,106.25046875000001,145,🚬菸屁股,HOLD,1
ACHR,2026-05-01,7.5,0.01,1191,342,117.1879140625,5,🚬菸屁股,HOLD,1
PATH,2026-05-15,13.0,0.11,14427,341,72.26590234375,19,🚬菸屁股,HOLD,1
NVDA,2028-01-21,220.0,49.47,7225,334,50.18818122863771,635,🔭LEAPS,HOLD,1
DKNG,2026-05-15,27.5,0.36,7263,329,69.62920996093752,19,🚬菸屁股,HOLD,1
TDOC,2026-05-15,6.0,0.38,6033,328,90.039162109375,19,🚬菸屁股,HOLD,1
SOFI,2026-07-17,25.0,0.57,6315,327,64.8441015625,82,🚬菸屁股,HOLD,1
SMR,2026-05-01,15.0,0.1,1423,326,128.90660546875,5,🚬菸屁股,HOLD,1
ONDS,2028-01-21,20.0,3.1,12013,325,92.91999267578124,635,🔭LEAPS,HOLD,1
SOFI,2028-06-16,30.0,4.57,10861,323,69.28741650390626,782,🔭LEAPS,HOLD,1
ACHR,2026-07-17,9.0,0.22,7289,319,87.695435546875,82,🚬菸屁股,HOLD,1
SMCI,2028-01-21,30.0,12.0,2580,307,84.32632861328125,635,🔭LEAPS,HOLD,1
JOBY,2026-05-01,9.5,0.06,2366,304,74.2190078125,5,🚬菸屁股,HOLD,1
TDOC,2027-01-15,17.5,0.19,2390,300,81.445498046875,264,🚬菸屁股,HOLD,1
ACHR,2027-01-15,20.0,0.19,19635,298,93.55475195312499,264,🚬菸屁股,HOLD,1
MSFT,2026-05-15,700.0,0.03,5898,291,68.7503125,19,🚬菸屁股,HOLD,1
HOOD,2026-05-15,115.0,0.42,3393,288,79.5900478515625,19,🚬菸屁股,HOLD,1
IREN,2026-05-15,85.0,0.62,3050,285,137.59796826171873,19,🚬菸屁股,HOLD,1
NVDA,2026-09-18,390.0,0.46,5274,282,45.92339233398438,145,🚬菸屁股,HOLD,1
SOFI,2028-01-21,45.0,1.97,3763,270,68.57941577148439,635,🔭LEAPS,HOLD,1
OPEN,2026-09-18,7.0,0.91,3876,264,102.34423828125001,145,🚬菸屁股,HOLD,1
TSLA,2026-05-15,550.0,0.22,5638,263,66.8948623046875,19,🚬菸屁股,HOLD,1
NVDA,2028-01-21,270.0,33.87,7227,261,48.21676539611816,635,🔭LEAPS,HOLD,1
ASTS,2026-05-15,120.0,0.64,5810,258,119.04337353515623,19,🚬菸屁股,HOLD,1
SOFI,2028-06-16,15.0,8.89,11144,257,75.7814921875,782,🔭LEAPS,HOLD,1
JOBY,2026-08-21,14.0,0.35,1521,251,79.49239257812499,117,🚬菸屁股,HOLD,1
AAPL,2026-05-15,350.0,0.02,12203,247,39.45373046875,19,🚬菸屁股,HOLD,1
IBIT,2026-09-18,65.0,0.6,21524,246,45.361874511718746,145,🚬菸屁股,HOLD,1
OPEN,2028-01-21,10.0,1.91,9219,245,99.95117236328124,635,🔭LEAPS,HOLD,1
ONDS,2026-05-01,14.0,0.04,2411,245,118.75040625,5,🚬菸屁股,HOLD,1
SOFI,2026-07-17,23.0,0.88,3206,243,63.91637646484375,82,🚬菸屁股,HOLD,1
DKNG,2026-05-15,30.0,0.13,14470,242,70.70341796875,19,🚬菸屁股,HOLD,1
CRWV,2026-05-01,180.0,0.02,843,242,132.81283593749998,5,🚬菸屁股,HOLD,1
SMR,2026-05-15,16.0,0.4,1576,240,129.49254003906248,19,🚬菸屁股,HOLD,1
SOFI,2028-01-21,18.0,6.9,4011,239,72.46121289062499,635,🔭LEAPS,HOLD,1
ONDS,2026-07-17,15.0,0.85,3527,235,102.73486132812502,82,🚬菸屁股,HOLD,1
HOOD,2026-05-15,120.0,0.3,4723,234,81.5431533203125,19,🚬菸屁股,HOLD,1
DKNG,2026-05-15,25.0,0.92,10597,233,72.26590234375,19,🚬菸屁股,HOLD,1
IBIT,2027-01-15,80.0,0.77,26263,229,48.242705078125006,264,🚬菸屁股,HOLD,1
TSLA,2026-05-15,600.0,0.14,6458,228,75.4885263671875,19,🚬菸屁股,HOLD,1
NVDA,2028-01-21,360.0,18.0,6298,225,47.46756634521484,635,🔭LEAPS,HOLD,1
PLTR,2028-01-21,200.0,28.8,7485,224,60.30618307495119,635,🔭LEAPS,HOLD,1
SOFI,2026-09-18,40.0,0.23,27881,224,71.679970703125,145,🚬菸屁股,HOLD,1
LUNR,2026-05-15,35.0,0.62,858,222,126.172244140625,19,🚬菸屁股,HOLD,1
JOBY,2028-01-21,20.0,1.71,5964,218,86.18177880859376,635,🔭LEAPS,HOLD,1
OPEN,2026-05-15,7.5,0.13,899,217,121.875390625,19,🚬菸屁股,HOLD,1
ONDS,2026-09-18,20.0,0.76,4151,217,101.07471337890624,145,🚬菸屁股,HOLD,1
SOFI,2027-01-15,37.0,0.79,3122,216,67.6761044921875,264,🚬菸屁股,HOLD,1
PATH,2026-05-01,12.5,0.02,1345,216,73.437765625,5,🚬菸屁股,HOLD,1
PATH,2026-09-18,14.0,0.88,2691,216,78.8088056640625,145,🚬菸屁股,HOLD,1
PATH,2026-08-21,13.0,0.9,2436,214,76.2697685546875,117,🚬菸屁股,HOLD,1
OPEN,2028-01-21,12.0,1.62,2967,213,106.2992966308594,635,🔭LEAPS,HOLD,1
TSLA,2028-01-21,940.0,19.24,5143,212,54.04709039306643,635,🔭LEAPS,HOLD,1
OKLO,2026-05-15,120.0,0.8,1344,210,146.19167529296874,19,🚬菸屁股,HOLD,1
JOBY,2026-05-15,10.0,0.23,5705,210,85.54701953125,19,🚬菸屁股,HOLD,1
SMCI,2026-05-15,50.0,0.07,13407,208,110.54732226562503,19,🚬菸屁股,HOLD,1
ASTS,2026-05-01,105.0,0.12,1078,208,121.48476757812499,5,🚬菸屁股,HOLD,1
OPEN,2028-01-21,5.0,2.87,10940,208,103.80907470703127,635,🔭LEAPS,HOLD,1
JOBY,2026-07-17,10.0,0.69,4741,208,74.90259472656251,82,🚬菸屁股,HOLD,1
SOFI,2026-05-15,19.5,0.89,3282,206,74.7072841796875,19,🚬菸屁股,HOLD,1
SOFI,2028-01-21,20.0,6.25,18164,205,70.92314233398437,635,🔭LEAPS,HOLD,1
MSFT,2028-01-21,500.0,52.18,5681,203,35.617709259033205,635,🔭LEAPS,HOLD,1
PATH,2026-08-21,18.0,0.27,16563,203,77.929908203125,117,🚬菸屁股,HOLD,1
ONDS,2026-05-01,13.5,0.04,1502,202,134.37532812499998,5,🚬菸屁股,HOLD,1
IBIT,2028-01-21,85.0,4.07,13220,201,54.15084912109377,635,🔭LEAPS,HOLD,1
DKNG,2026-05-01,26.0,0.04,888,200,56.250437500000004,5,🚬菸屁股,HOLD,1
OPEN,2026-08-21,10.0,0.39,15346,200,106.64109179687502,117,🚬菸屁股,HOLD,1
RKLB,2026-05-01,96.0,0.28,1299,197,86.914193359375,5,🚬菸屁股,HOLD,1
SOFI,2026-08-21,30.0,0.46,5363,192,67.48079394531253,117,🚬菸屁股,HOLD,1
NTLA,2026-05-15,15.0,0.8,1263,191,96.87503124999999,19,🚬菸屁股,HOLD,1
ACHR,2026-05-01,7.0,0.02,4233,191,87.500125,5,🚬菸屁股,HOLD,1
SMCI,2026-05-15,37.0,0.6,4577,189,95.80082324218748,19,🚬菸屁股,HOLD,1
SMCI,2026-05-15,38.0,0.47,3727,186,96.48441015625,19,🚬菸屁股,HOLD,1
ACHR,2026-07-17,8.0,0.3,4458,185,85.54701953125,82,🚬菸屁股,HOLD,1
HOOD,2026-05-01,120.0,0.09,815,181,116.79729101562502,5,🚬菸屁股,HOLD,1
UPST,2026-05-01,36.0,0.47,1033,180,73.04714453125,5,🚬菸屁股,HOLD,1
IREN,2026-05-15,90.0,0.26,2606,179,141.797166015625,19,🚬菸屁股,HOLD,1
SMCI,2028-01-21,80.0,4.35,804,174,81.98260205078124,635,🔭LEAPS,HOLD,1
SMR,2026-05-15,20.0,0.15,14271,172,131.64096679687498,19,🚬菸屁股,HOLD,1
SOFI,2028-06-16,20.0,7.05,19180,169,73.31569653320311,782,🔭LEAPS,HOLD,1
ACHR,2026-05-01,5.5,0.3,787,169,73.437765625,5,🚬菸屁股,HOLD,1
ACHR,2027-01-15,15.0,0.35,17329,166,91.79695703125,264,🚬菸屁股,HOLD,1
SMR,2028-01-21,5.0,9.3,899,166,141.60185449218753,635,🔭LEAPS,HOLD,1
TDOC,2027-01-15,15.0,0.22,9821,165,80.85956640625,264,🚬菸屁股,HOLD,1
SMR,2028-01-21,85.0,1.62,1478,162,112.47602355957031,635,🔭LEAPS,HOLD,1
RKLB,2026-05-15,115.0,0.6,4990,161,97.460962890625,19,🚬菸屁股,HOLD,1
SOFI,2026-08-21,27.0,0.69,2763,160,67.23665576171877,117,🚬菸屁股,HOLD,1
SOFI,2027-01-15,45.0,0.47,11408,160,69.43389941406251,264,🚬菸屁股,HOLD,1
SOFI,2028-06-16,23.0,6.03,4471,160,70.82548706054688,782,🔭LEAPS,HOLD,1
OPEN,2026-05-15,6.5,0.27,1267,160,114.45355273437498,19,🚬菸屁股,HOLD,1
TSLA,2026-05-15,700.0,0.05,7299,159,90.039162109375,19,🚬菸屁股,HOLD,1
COIN,2026-05-15,300.0,0.67,6420,159,90.96688720703125,19,🚬菸屁股,HOLD,1
SMCI,2026-07-17,50.0,0.6,1035,158,85.6446748046875,82,🚬菸屁股,HOLD,1
SOFI,2026-05-15,27.0,0.07,5806,156,87.89074609375,19,🚬菸屁股,HOLD,1
ONDS,2028-01-21,10.0,5.22,9701,154,97.70510107421876,635,🔭LEAPS,HOLD,1
ACHR,2028-01-21,5.0,2.8,6355,153,91.50399121093751,635,🔭LEAPS,HOLD,1
JOBY,2026-07-17,15.0,0.12,3611,152,88.67198828125,82,🚬菸屁股,HOLD,1
NVDA,2028-01-21,230.0,45.57,11237,150,49.60682717895508,635,🔭LEAPS,HOLD,1
ONDS,2028-01-21,15.0,4.03,4041,145,94.92192578125,635,🔭LEAPS,HOLD,1
TSLA,2026-09-18,990.0,0.59,13289,143,63.06189282226562,145,🚬菸屁股,HOLD,1
TSLA,2026-07-17,990.0,0.2,13107,141,73.1447998046875,82,🚬菸屁股,HOLD,1
SMR,2027-01-15,40.0,0.9,2860,141,108.984830078125,264,🚬菸屁股,HOLD,1
PATH,2027-01-15,20.0,0.76,27002,140,77.0510107421875,264,🚬菸屁股,HOLD,1
IBIT,2028-01-21,50.0,11.11,6860,138,57.45892150878906,635,🔭LEAPS,HOLD,1
HIMS,2026-05-15,65.0,0.09,2643,138,148.4377578125,19,🚬菸屁股,HOLD,1
SMCI,2028-01-21,105.0,2.65,4542,137,79.51680639648437,635,🔭LEAPS,HOLD,1
SOFI,2028-06-16,25.0,5.7,11731,137,70.26396923828125,782,🔭LEAPS,HOLD,1
PATH,2026-05-15,16.0,0.01,8699,136,91.4063359375,19,🚬菸屁股,HOLD,1
TSLA,2026-05-15,470.0,0.68,6740,135,50.43994873046876,19,🚬菸屁股,HOLD,1
SOFI,2026-05-15,34.0,0.02,901,134,107.81296093750001,19,🚬菸屁股,HOLD,1
SOFI,2026-07-17,28.0,0.31,3581,134,66.40658593750001,82,🚬菸屁股,HOLD,1
OPEN,2026-09-18,15.0,0.23,6831,130,112.89106054687501,145,🚬菸屁股,HOLD,1
SOFI,2026-07-17,24.0,0.67,1996,129,64.1605146484375,82,🚬菸屁股,HOLD,1
ASTS,2026-05-15,115.0,0.84,3104,127,116.55315161132816,19,🚬菸屁股,HOLD,1
IREN,2026-05-01,75.0,0.07,903,126,135.15657421875,5,🚬菸屁股,HOLD,1
SMCI,2026-09-18,65.0,0.45,1455,125,84.61929443359374,145,🚬菸屁股,HOLD,1
SOFI,2028-01-21,15.0,8.12,14132,125,74.07252490234374,635,🔭LEAPS,HOLD,1
PATH,2028-01-21,30.0,1.1,5699,125,74.02369726562499,635,🔭LEAPS,HOLD,1
IBIT,2026-07-17,55.0,0.71,6149,122,43.311113769531254,82,🚬菸屁股,HOLD,1
SMCI,2026-05-15,60.0,0.03,14716,122,124.21912890624998,19,🚬菸屁股,HOLD,1
SOFI,2026-07-17,30.0,0.22,11282,122,67.18782812500001,82,🚬菸屁股,HOLD,1
SMR,2028-01-21,15.0,5.7,3964,122,110.35201074218752,635,🔭LEAPS,HOLD,1
DKNG,2026-09-18,40.0,0.2,8136,121,56.44574804687501,145,🚬菸屁股,HOLD,1
AAPL,2026-05-15,320.0,0.11,9313,120,32.227240234374996,19,🚬菸屁股,HOLD,1
SOFI,2026-05-15,40.0,0.01,3568,119,131.25034374999998,19,🚬菸屁股,HOLD,1
SOFI,2028-01-21,25.0,4.78,10086,119,69.32403723144532,635,🔭LEAPS,HOLD,1
RKLB,2026-05-15,110.0,0.9,1290,117,99.85351708984375,19,🚬菸屁股,HOLD,1
HIMS,2028-01-21,50.0,10.92,2419,115,97.22903161621093,635,🔭LEAPS,HOLD,1
HIMS,2026-05-15,41.0,0.9,826,114,125.87927685546876,19,🚬菸屁股,HOLD,1
IBIT,2026-08-21,65.0,0.39,8307,112,45.898978515625004,117,🚬菸屁股,HOLD,1
IBIT,2026-05-15,49.0,0.29,7127,111,39.7466962890625,19,🚬菸屁股,HOLD,1
SMR,2026-07-17,20.0,0.78,936,111,115.0394873046875,82,🚬菸屁股,HOLD,1
SOFI,2026-08-21,35.0,0.22,1981,106,68.94562304687501,117,🚬菸屁股,HOLD,1
JOBY,2026-07-17,12.0,0.36,6001,106,76.367423828125,82,🚬菸屁股,HOLD,1
DKNG,2026-05-15,32.5,0.05,1168,105,70.70341796875,19,🚬菸屁股,HOLD,1
OPEN,2028-01-21,7.0,2.7,12793,105,105.2739111328125,635,🔭LEAPS,HOLD,1
TDOC,2026-05-01,6.0,0.28,1913,103,117.96916015624998,5,🚬菸屁股,HOLD,1
SOFI,2026-09-18,27.0,0.95,14473,102,66.84603466796877,145,🚬菸屁股,HOLD,1
IREN,2026-05-15,80.0,0.65,3324,101,135.4983693847656,19,🚬菸屁股,HOLD,1
IONQ,2026-05-15,75.0,0.2,931,100,133.59408203124997,19,🚬菸屁股,HOLD,1
DKNG,2027-01-15,55.0,0.23,6636,100,59.96133789062501,264,🚬菸屁股,HOLD,1
ONDS,2026-09-18,25.0,0.45,4633,100,104.39500927734377,145,🚬菸屁股,HOLD,1
JOBY,2026-05-15,9.0,0.48,3499,96,84.57046679687498,19,🚬菸屁股,HOLD,1
ONDS,2028-01-21,17.0,3.7,10371,95,97.97365307617189,635,🔭LEAPS,HOLD,1
TSLA,2026-05-15,510.0,0.36,8201,94,58.984785156250005,19,🚬菸屁股,HOLD,1
UPST,2026-05-01,39.0,0.1,1163,93,74.60962890625001,5,🚬菸屁股,HOLD,1
ACHR,2027-01-15,25.0,0.14,23319,93,98.04689453125,264,🚬菸屁股,HOLD,1
OPEN,2026-09-18,9.0,0.61,1249,90,105.66453417968751,145,🚬菸屁股,HOLD,1
IBIT,2026-05-15,53.0,0.08,9203,89,43.945873046875,19,🚬菸屁股,HOLD,1
PATH,2026-05-01,12.0,0.05,1677,88,78.12521875,5,🚬菸屁股,HOLD,1
HIMS,2026-05-15,55.0,0.22,1178,88,139.453427734375,19,🚬菸屁股,HOLD,1
ACHR,2027-01-15,12.0,0.51,15741,87,90.82040429687498,264,🚬菸屁股,HOLD,1
NVDA,2028-01-21,380.0,15.37,8374,85,47.176126388549804,635,🔭LEAPS,HOLD,1
AAPL,2027-01-15,450.0,0.45,17300,84,27.686270019531246,264,🚬菸屁股,HOLD,1
SMCI,2026-05-15,55.0,0.04,3266,84,113.28168359375002,19,🚬菸屁股,HOLD,1
IBIT,2026-05-15,75.0,0.01,13262,83,84.37515624999999,19,🚬菸屁股,HOLD,1
PATH,2028-01-21,10.0,4.22,5935,83,77.53928710937501,635,🔭LEAPS,HOLD,1
PATH,2028-01-21,12.0,3.34,6234,83,82.37322314453124,635,🔭LEAPS,HOLD,1
SOFI,2028-06-16,40.0,3.21,6156,82,68.4573466796875,782,🔭LEAPS,HOLD,1
JOBY,2027-01-15,20.0,0.47,13135,82,82.3243955078125,264,🚬菸屁股,HOLD,1
NTLA,2026-05-15,16.0,0.6,789,80,103.90673046875003,19,🚬菸屁股,HOLD,1
IBIT,2028-01-21,70.0,6.1,20791,79,54.6025047607422,635,🔭LEAPS,HOLD,1
PATH,2026-05-15,14.0,0.05,6691,78,77.3439765625,19,🚬菸屁股,HOLD,1
IONQ,2026-05-15,80.0,0.17,1544,77,133.59408203124997,19,🚬菸屁股,HOLD,1
SOFI,2028-01-21,30.0,3.75,13665,77,69.39727868652344,635,🔭LEAPS,HOLD,1
JOBY,2026-05-15,12.0,0.06,1540,77,96.87503124999999,19,🚬菸屁股,HOLD,1
ACHR,2028-01-21,12.0,1.43,3247,75,90.52743847656251,635,🔭LEAPS,HOLD,1
SOFI,2028-06-16,18.0,7.67,5337,74,73.07155834960936,782,🔭LEAPS,HOLD,1
SMR,2028-01-21,13.0,6.2,1199,74,107.81296093750001,635,🔭LEAPS,HOLD,1
SOFI,2028-06-16,10.0,11.31,3999,73,78.2228740234375,782,🔭LEAPS,HOLD,1
ACHR,2026-07-17,7.0,0.49,29968,73,84.37515624999999,82,🚬菸屁股,HOLD,1
ACHR,2026-05-15,7.5,0.09,877,72,96.0937890625,19,🚬菸屁股,HOLD,1
SOFI,2026-05-01,28.0,0.01,772,71,140.625296875,5,🚬菸屁股,HOLD,1
MSFT,2026-05-15,550.0,0.34,5411,70,50.24463818359376,19,🚬菸屁股,HOLD,1
SOFI,2028-01-21,35.0,2.97,10850,70,69.15314050292969,635,🔭LEAPS,HOLD,1
DKNG,2027-01-15,50.0,0.4,14518,70,57.76409423828125,264,🚬菸屁股,HOLD,1
JOBY,2027-01-15,15.0,0.82,9450,70,79.73653076171875,264,🚬菸屁股,HOLD,1
ACHR,2026-07-17,6.0,0.78,2809,70,85.742330078125,82,🚬菸屁股,HOLD,1
ACHR,2026-07-17,12.0,0.08,1605,70,95.312546875,82,🚬菸屁股,HOLD,1
SOFI,2028-06-16,13.0,9.85,1190,69,77.68577001953125,782,🔭LEAPS,HOLD,1
ONDS,2028-01-21,4.0,7.75,2686,68,103.71141894531253,635,🔭LEAPS,HOLD,1
IBIT,2026-05-15,60.0,0.01,16318,66,52.3442265625,19,🚬菸屁股,HOLD,1
SMCI,2027-01-15,105.0,0.7,6281,66,87.500125,264,🚬菸屁股,HOLD,1
SOFI,2026-07-17,26.0,0.46,3546,66,64.648791015625,82,🚬菸屁股,HOLD,1
HOOD,2026-05-15,145.0,0.07,3298,66,92.187578125,19,🚬菸屁股,HOLD,1
CRSP,2026-05-15,60.0,0.3,931,66,78.56466748046876,19,🚬菸屁股,HOLD,1
SMCI,2026-05-15,43.0,0.21,2171,64,101.95361523437501,19,🚬菸屁股,HOLD,1
TDOC,2026-05-01,7.0,0.14,990,64,137.50031249999998,5,🚬菸屁股,HOLD,1
ASTS,2026-05-01,115.0,0.06,791,63,140.234673828125,5,🚬菸屁股,HOLD,1
SOFI,2028-06-16,35.0,3.61,5353,63,68.99445068359377,782,🔭LEAPS,HOLD,1
XYZ,2026-05-15,95.0,0.31,1187,63,72.26590234375,19,🚬菸屁股,HOLD,1
AAPL,2028-01-21,300.0,35.06,6313,62,33.194637786865236,635,🔭LEAPS,HOLD,1
IONQ,2028-01-21,120.0,8.4,2060,62,93.3045103149414,635,🔭LEAPS,HOLD,1
ACHR,2028-01-21,15.0,1.22,11497,62,91.79695703125,635,🔭LEAPS,HOLD,1
IONQ,2026-05-15,65.0,0.54,1260,61,122.75429248046876,19,🚬菸屁股,HOLD,1
IREN,2026-05-15,100.0,0.29,6296,61,149.02369238281247,19,🚬菸屁股,HOLD,1
TDOC,2026-05-01,6.5,0.12,1209,60,131.25034374999998,5,🚬菸屁股,HOLD,1
PATH,2028-01-21,20.0,1.95,6760,59,73.633076171875,635,🔭LEAPS,HOLD,1
OPEN,2026-08-21,8.0,0.6,7091,59,103.51610742187502,117,🚬菸屁股,HOLD,1
SMR,2026-05-15,18.0,0.26,1473,59,137.10968945312501,19,🚬菸屁股,HOLD,1
JOBY,2028-01-21,12.0,2.79,4271,58,85.0587431640625,635,🔭LEAPS,HOLD,1
ACHR,2028-01-21,17.0,1.02,891,57,90.429783203125,635,🔭LEAPS,HOLD,1
HOOD,2026-05-15,125.0,0.2,2136,56,83.98453515624999,19,🚬菸屁股,HOLD,1
HOOD,2028-01-21,200.0,9.65,3262,56,67.0047244873047,635,🔭LEAPS,HOLD,1
ZM,2026-05-15,110.0,0.52,2395,56,54.34615966796876,19,🚬菸屁股,HOLD,1
PACB,2027-01-15,5.0,0.1,2983,55,109.76607617187501,264,🚬菸屁股,HOLD,1
DKNG,2026-05-15,35.0,0.03,3031,54,81.2501875,19,🚬菸屁股,HOLD,1
MSFT,2026-05-15,560.0,0.21,6377,53,53.906710937500016,19,🚬菸屁股,HOLD,1
SOFI,2026-05-01,26.0,0.02,4871,53,110.9379453125,5,🚬菸屁股,HOLD,1
SOFI,2026-08-21,28.0,0.58,1244,53,67.04134521484376,117,🚬菸屁股,HOLD,1
JOBY,2028-01-21,10.0,3.24,8075,53,86.86536572265625,635,🔭LEAPS,HOLD,1
NVDA,2028-01-21,280.0,30.88,6943,52,48.03518762207031,635,🔭LEAPS,HOLD,1
SMCI,2028-01-21,40.0,9.0,3067,52,80.87177331542968,635,🔭LEAPS,HOLD,1
ASTS,2026-05-15,150.0,0.19,6390,52,132.03158984375,19,🚬菸屁股,HOLD,1
IBIT,2028-01-21,90.0,3.66,5208,51,53.99215930175782,635,🔭LEAPS,HOLD,1
TDOC,2026-07-17,6.0,0.66,3626,51,69.5315546875,82,🚬菸屁股,HOLD,1
ACHR,2027-01-15,27.0,0.12,4942,51,101.5629921875,264,🚬菸屁股,HOLD,1
IBIT,2026-05-15,85.0,0.01,8264,50,96.87503124999999,19,🚬菸屁股,HOLD,1
SOFI,2026-08-21,37.0,0.2,790,50,70.0198310546875,117,🚬菸屁股,HOLD,1
SOFI,2026-08-21,40.0,0.2,946,50,72.851833984375,117,🚬菸屁股,HOLD,1
SOFI,2026-09-18,42.0,0.2,5820,50,73.24245507812499,145,🚬菸屁股,HOLD,1
TDOC,2026-07-17,8.0,0.22,2262,50,75.586181640625,82,🚬菸屁股,HOLD,1
SMR,2028-01-21,10.0,6.9,2253,50,116.60197949218751,635,🔭LEAPS,HOLD,1
VRT,2026-05-15,430.0,0.25,1145,48,62.62244409179689,19,🚬菸屁股,HOLD,1
TDOC,2028-01-21,5.0,2.5,753,47,87.98840136718749,635,🔭LEAPS,HOLD,1
OPEN,2026-09-18,8.0,0.75,1669,46,103.61376318359379,145,🚬菸屁股,HOLD,1
SMR,2027-01-15,50.0,0.67,4106,46,113.18402783203125,264,🚬菸屁股,HOLD,1
IBIT,2026-05-15,54.0,0.05,9785,45,45.117736328125005,19,🚬菸屁股,HOLD,1
CRWV,2026-05-01,170.0,0.04,796,44,119.53165234375001,5,🚬菸屁股,HOLD,1
UPST,2026-05-01,40.0,0.07,2198,43,75.39087109375001,5,🚬菸屁股,HOLD,1
NTLA,2026-05-15,17.0,0.4,1079,43,102.53954980468751,19,🚬菸屁股,HOLD,1
HIMS,2028-01-21,95.0,6.55,2357,43,99.89013781738281,635,🔭LEAPS,HOLD,1
JOBY,2027-01-15,17.0,0.65,5628,43,81.93377441406248,264,🚬菸屁股,HOLD,1
SMR,2026-05-15,17.0,0.32,2140,43,135.15657421875,19,🚬菸屁股,HOLD,1
ASTS,2026-05-15,130.0,0.4,3624,42,128.32067089843747,19,🚬菸屁股,HOLD,1
PATH,2026-08-21,15.0,0.53,4083,42,77.24632128906251,117,🚬菸屁股,HOLD,1
HOOD,2026-07-17,145.0,0.84,823,42,68.84796777343752,82,🚬菸屁股,HOLD,1
SMCI,2026-05-15,70.0,0.02,2839,41,129.6878515625,19,🚬菸屁股,HOLD,1
SOFI,2026-09-18,37.0,0.29,7298,41,70.70341796875,145,🚬菸屁股,HOLD,1
U,2028-01-21,50.0,4.85,1412,41,75.5007332763672,635,🔭LEAPS,HOLD,1
SMCI,2026-05-15,39.0,0.4,2322,40,98.63282617187501,19,🚬菸屁股,HOLD,1
SMCI,2026-05-15,75.0,0.01,875,40,143.75028125,19,🚬菸屁股,HOLD,1
DKNG,2026-09-18,35.0,0.5,3044,40,58.6918193359375,145,🚬菸屁股,HOLD,1
PACB,2027-01-15,4.0,0.17,1637,40,119.141029296875,264,🚬菸屁股,HOLD,1
ACHR,2026-05-01,8.0,0.01,1617,40,112.5004375,5,🚬菸屁股,HOLD,1
AAPL,2028-01-21,350.0,18.87,6597,39,30.628135131835936,635,🔭LEAPS,HOLD,1
IBIT,2026-09-18,70.0,0.4,15893,39,46.92435888671875,145,🚬菸屁股,HOLD,1
SOFI,2028-01-21,23.0,5.25,2893,38,69.5315546875,635,🔭LEAPS,HOLD,1
SOFI,2028-06-16,42.0,2.95,2960,38,68.555001953125,782,🔭LEAPS,HOLD,1
SMCI,2027-01-15,90.0,0.91,25888,36,85.00991552734375,264,🚬菸屁股,HOLD,1
LUNR,2028-01-21,40.0,10.35,2325,36,108.65524188232423,635,🔭LEAPS,HOLD,1
TSLA,2026-05-15,710.0,0.05,6648,35,90.429783203125,19,🚬菸屁股,HOLD,1
HOOD,2026-07-17,150.0,0.71,1611,35,70.45927978515626,82,🚬菸屁股,HOLD,1
UPST,2028-01-21,47.5,11.0,757,34,81.1403253173828,635,🔭LEAPS,HOLD,1
PATH,2027-01-15,37.0,0.18,2199,34,84.0821904296875,264,🚬菸屁股,HOLD,1
HOOD,2026-05-01,109.0,0.19,1694,34,107.03171484375002,5,🚬菸屁股,HOLD,1
SMCI,2028-01-21,60.0,5.8,2805,33,79.45577185058592,635,🔭LEAPS,HOLD,1
U,2028-01-21,23.0,10.85,3980,33,75.20776745605468,635,🔭LEAPS,HOLD,1
PATH,2026-08-21,14.0,0.66,3133,33,72.55886816406249,117,🚬菸屁股,HOLD,1
KTOS,2026-05-01,83.0,0.05,1034,33,122.266013671875,5,🚬菸屁股,HOLD,1
MSTR,2028-01-21,700.0,15.64,5323,32,82.40984387207031,635,🔭LEAPS,HOLD,1
SMCI,2026-05-15,80.0,0.02,2171,32,146.875265625,19,🚬菸屁股,HOLD,1
OPEN,2027-01-15,12.0,0.67,4771,32,99.95117236328124,264,🚬菸屁股,HOLD,1
SMCI,2026-05-15,44.0,0.13,1310,31,102.93017285156252,19,🚬菸屁股,HOLD,1
ASTS,2026-05-01,101.0,0.2,2057,31,116.99260253906249,5,🚬菸屁股,HOLD,1
TDOC,2027-01-15,10.0,0.43,8230,31,73.82838671875,264,🚬菸屁股,HOLD,1
JOBY,2027-01-15,30.0,0.25,7224,31,92.187578125,264,🚬菸屁股,HOLD,1
IBIT,2028-06-16,40.0,17.19,6357,30,63.208375732421885,782,🔭LEAPS,HOLD,1
ASTS,2026-05-15,145.0,0.19,1251,30,129.6878515625,19,🚬菸屁股,HOLD,1
SOFI,2026-08-21,26.0,0.83,1867,30,67.28548339843752,117,🚬菸屁股,HOLD,1
PATH,2026-05-01,13.5,0.01,1051,30,81.2501875,5,🚬菸屁股,HOLD,1
NVDA,2028-01-21,390.0,14.62,8052,29,47.20206607055664,635,🔭LEAPS,HOLD,1
IBIT,2028-01-21,140.0,1.35,25781,29,55.762161132812516,635,🔭LEAPS,HOLD,1
JOBY,2028-01-21,15.0,2.35,5734,29,85.35170898437501,635,🔭LEAPS,HOLD,1
ACHR,2028-01-21,20.0,0.92,4837,29,91.50399121093751,635,🔭LEAPS,HOLD,1
ONDS,2026-05-15,14.5,0.22,1316,28,119.141029296875,19,🚬菸屁股,HOLD,1
ONDS,2028-01-21,5.0,7.09,4471,28,99.9023447265625,635,🔭LEAPS,HOLD,1
JOBY,2026-05-15,11.0,0.12,2775,28,93.7500625,19,🚬菸屁股,HOLD,1
NVDA,2026-09-18,410.0,0.35,5493,26,48.09622216796875,145,🚬菸屁股,HOLD,1
IBIT,2028-06-16,100.0,4.39,24892,26,56.43354113769532,782,🔭LEAPS,HOLD,1
U,2028-01-21,20.0,11.67,5059,26,82.66618896484374,635,🔭LEAPS,HOLD,1
SMR,2028-01-21,25.0,4.28,901,26,107.51999365234377,635,🔭LEAPS,HOLD,1
TSLA,2026-05-15,800.0,0.02,8532,25,101.5629921875,19,🚬菸屁股,HOLD,1
TSLA,2026-08-21,990.0,0.39,6031,25,66.96810375976563,117,🚬菸屁股,HOLD,1
UPST,2028-01-21,50.0,10.4,1952,25,86.74329663085938,635,🔭LEAPS,HOLD,1
ONDS,2026-07-17,16.0,0.71,914,25,103.51610742187502,82,🚬菸屁股,HOLD,1
JOBY,2027-01-15,40.0,0.16,3581,25,96.87503124999999,264,🚬菸屁股,HOLD,1
SMR,2028-01-21,20.0,4.8,1858,25,115.67424975585938,635,🔭LEAPS,HOLD,1
TSLA,2026-09-18,900.0,0.84,6100,24,60.25430371093752,145,🚬菸屁股,HOLD,1
MSFT,2026-05-15,760.0,0.02,6714,24,76.17211328125,19,🚬菸屁股,HOLD,1
SOFI,2028-01-21,10.0,10.95,1709,24,81.56756713867188,635,🔭LEAPS,HOLD,1
SOFI,2028-06-16,45.0,2.73,3623,24,68.32307067871095,782,🔭LEAPS,HOLD,1
U,2026-05-15,35.0,0.33,1879,24,95.41020214843749,19,🚬菸屁股,HOLD,1
HOOD,2026-05-15,135.0,0.17,1041,24,87.10950390625,19,🚬菸屁股,HOLD,1
NTLA,2028-01-21,42.0,3.64,3764,24,96.53323779296875,635,🔭LEAPS,HOLD,1
TXG,2026-05-15,25.0,0.86,924,24,114.84417578124999,19,🚬菸屁股,HOLD,1
JOBY,2028-01-21,17.0,1.98,1896,24,82.56853369140623,635,🔭LEAPS,HOLD,1
SMR,2026-08-21,35.0,0.42,3675,24,128.51598242187498,117,🚬菸屁股,HOLD,1
U,2026-05-15,32.0,0.64,4790,23,96.289099609375,19,🚬菸屁股,HOLD,1
XYZ,2028-01-21,120.0,8.4,1473,23,54.034883483886745,635,🔭LEAPS,HOLD,1
OPEN,2026-08-21,9.0,0.46,3610,23,107.03171484375002,117,🚬菸屁股,HOLD,1
JOBY,2027-01-15,22.0,0.4,4409,23,84.57046679687498,264,🚬菸屁股,HOLD,1
SMCI,2026-09-18,60.0,0.85,2081,22,84.81460498046874,145,🚬菸屁股,HOLD,1
SMCI,2028-01-21,50.0,7.2,2513,22,80.4689453125,635,🔭LEAPS,HOLD,1
IONQ,2026-05-15,70.0,0.34,2479,22,123.82850585937497,19,🚬菸屁股,HOLD,1
SOFI,2026-07-17,40.0,0.07,2256,22,90.23447265624999,82,🚬菸屁股,HOLD,1
U,2026-05-01,29.0,0.21,2170,22,73.633076171875,5,🚬菸屁股,HOLD,1
U,2028-01-21,30.0,8.98,3644,22,77.22190747070312,635,🔭LEAPS,HOLD,1
PATH,2027-01-15,25.0,0.38,13577,22,79.3947373046875,264,🚬菸屁股,HOLD,1
OPEN,2027-01-15,15.0,0.51,11203,22,106.25046875000001,264,🚬菸屁股,HOLD,1
NTLA,2028-01-21,20.0,5.43,1180,22,98.26661889648437,635,🔭LEAPS,HOLD,1
HIMS,2028-01-21,60.0,9.55,1290,22,94.65337377929689,635,🔭LEAPS,HOLD,1
ONDS,2028-01-21,27.0,2.8,4566,22,93.40826904296875,635,🔭LEAPS,HOLD,1
IBIT,2027-01-15,110.0,0.27,26386,21,54.102021484375015,264,🚬菸屁股,HOLD,1
IBIT,2027-01-15,115.0,0.25,5521,21,55.469195312500005,264,🚬菸屁股,HOLD,1
SOFI,2026-09-18,35.0,0.33,5007,21,71.0940390625,145,🚬菸屁股,HOLD,1
PATH,2026-05-01,14.0,0.01,2142,21,121.875390625,5,🚬菸屁股,HOLD,1
ACHR,2026-07-17,14.0,0.06,1046,21,94.5313046875,82,🚬菸屁股,HOLD,1
TSLA,2026-05-15,990.0,0.01,26669,20,115.625421875,19,🚬菸屁股,HOLD,1
AAPL,2027-01-15,550.0,0.09,5933,20,30.176479492187504,264,🚬菸屁股,HOLD,1
ASTS,2026-05-15,140.0,0.26,2097,20,125.19568652343749,19,🚬菸屁股,HOLD,1
U,2026-05-15,31.0,0.59,833,20,92.6758544921875,19,🚬菸屁股,HOLD,1
HOOD,2026-05-15,180.0,0.05,1283,20,137.10968945312501,19,🚬菸屁股,HOLD,1
PACB,2028-01-21,3.0,0.55,1086,20,134.37532812499998,635,🔭LEAPS,HOLD,1
SOFI,2026-05-15,28.0,0.06,9466,19,91.4063359375,19,🚬菸屁股,HOLD,1
SOFI,2026-09-18,45.0,0.18,7168,19,73.437765625,145,🚬菸屁股,HOLD,1
ONDS,2028-01-21,2.0,8.75,949,19,92.9688203125,635,🔭LEAPS,HOLD,1
SMCI,2027-01-15,100.0,0.8,3330,18,85.54701953125,264,🚬菸屁股,HOLD,1
SOFI,2026-05-15,29.0,0.03,3588,18,89.062609375,19,🚬菸屁股,HOLD,1
HIMS,2028-01-21,75.0,8.0,1727,18,98.03468762207032,635,🔭LEAPS,HOLD,1
KTOS,2026-05-15,140.0,0.05,780,18,125.00037499999999,19,🚬菸屁股,HOLD,1
SMR,2027-01-15,45.0,0.81,1301,18,111.62153564453124,264,🚬菸屁股,HOLD,1
IBIT,2027-01-15,95.0,0.42,17724,17,51.36767382812499,264,🚬菸屁股,HOLD,1
SOFI,2028-01-21,47.0,1.94,3451,17,67.84700122070313,635,🔭LEAPS,HOLD,1
PATH,2026-08-21,20.0,0.2,5082,17,85.54701953125,117,🚬菸屁股,HOLD,1
PATH,2028-01-21,25.0,1.34,8662,17,73.09597216796875,635,🔭LEAPS,HOLD,1
XYZ,2026-05-15,90.0,0.59,1913,17,71.19169433593751,19,🚬菸屁股,HOLD,1
JOBY,2028-01-21,3.0,6.1,852,17,119.23868505859376,635,🔭LEAPS,HOLD,1
ACHR,2028-01-21,3.0,3.61,2956,17,95.80082324218748,635,🔭LEAPS,HOLD,1
ACHR,2028-01-21,27.0,0.64,14715,17,92.57819921875,635,🔭LEAPS,HOLD,1
SMR,2028-01-21,30.0,3.69,1271,17,111.96333081054686,635,🔭LEAPS,HOLD,1
IBIT,2026-09-18,80.0,0.23,11080,16,50.586431640624994,145,🚬菸屁股,HOLD,1
DKNG,2026-07-17,30.0,0.67,19820,16,57.0316796875,82,🚬菸屁股,HOLD,1
OPEN,2026-08-21,15.0,0.16,2127,16,132.03158984375,117,🚬菸屁股,HOLD,1
SMCI,2028-01-21,85.0,3.7,15143,15,78.36935693359376,635,🔭LEAPS,HOLD,1
UPST,2028-01-21,100.0,4.95,802,15,83.74039697265624,635,🔭LEAPS,HOLD,1
PATH,2028-01-21,17.0,2.26,2854,15,75.9035612792969,635,🔭LEAPS,HOLD,1
ONDS,2027-01-15,27.0,0.89,6595,15,97.70510107421876,264,🚬菸屁股,HOLD,1
PLTR,2027-01-15,410.0,0.93,8110,14,60.57168334960939,264,🚬菸屁股,HOLD,1
PLTR,2028-01-21,410.0,7.15,5173,14,58.5941640625,635,🔭LEAPS,HOLD,1
IREN,2026-05-15,105.0,0.27,5392,14,148.24244628906249,19,🚬菸屁股,HOLD,1
PATH,2026-05-01,13.0,0.02,1837,14,93.7500625,5,🚬菸屁股,HOLD,1
PATH,2028-01-21,5.0,6.2,2120,14,86.0352958984375,635,🔭LEAPS,HOLD,1
TDOC,2026-07-17,7.0,0.34,9243,14,72.07059179687501,82,🚬菸屁股,HOLD,1
TDOC,2028-01-21,10.0,1.19,851,14,73.633076171875,635,🔭LEAPS,HOLD,1
PACB,2028-01-21,1.5,1.0,6679,14,136.71906640625,635,🔭LEAPS,HOLD,1
KTOS,2026-05-15,100.0,0.15,1392,14,103.51610742187502,19,🚬菸屁股,HOLD,1
JOBY,2028-01-21,30.0,1.1,2113,14,86.4259169921875,635,🔭LEAPS,HOLD,1
SMR,2026-05-15,19.0,0.21,1169,14,142.1877890625,19,🚬菸屁股,HOLD,1
SMR,2028-01-21,18.0,5.2,1326,14,101.12354125976562,635,🔭LEAPS,HOLD,1
SMR,2028-01-21,40.0,3.0,757,14,112.28071203613284,635,🔭LEAPS,HOLD,1
IBIT,2026-05-15,70.0,0.01,18939,13,75.00025000000001,19,🚬菸屁股,HOLD,1
IONQ,2028-01-21,100.0,9.96,893,13,90.53964538574219,635,🔭LEAPS,HOLD,1
PATH,2026-05-15,20.0,0.01,22516,13,106.25046875000001,19,🚬菸屁股,HOLD,1
PACB,2027-01-15,1.0,0.74,2537,13,128.125359375,264,🚬菸屁股,HOLD,1
HIMS,2028-01-21,90.0,7.0,3615,13,98.7304814453125,635,🔭LEAPS,HOLD,1
IBIT,2026-05-15,80.0,0.01,16949,12,84.37515624999999,19,🚬菸屁股,HOLD,1
IBIT,2028-01-21,60.0,8.2,5964,12,55.59126440429689,635,🔭LEAPS,HOLD,1
IBIT,2028-06-16,90.0,5.7,11569,12,56.87298986816407,782,🔭LEAPS,HOLD,1
SMCI,2028-01-21,35.0,10.45,1023,12,84.53384606933592,635,🔭LEAPS,HOLD,1
SOFI,2026-07-17,32.0,0.15,1118,12,69.14093359375,82,🚬菸屁股,HOLD,1
SOFI,2028-01-21,13.0,9.02,756,12,78.34494311523439,635,🔭LEAPS,HOLD,1
SOFI,2028-01-21,42.0,2.36,8665,12,66.94368994140626,635,🔭LEAPS,HOLD,1
DKNG,2026-07-17,32.5,0.38,1162,12,58.30119824218749,82,🚬菸屁股,HOLD,1
DKNG,2027-01-15,45.0,0.61,5423,12,58.5941640625,264,🚬菸屁股,HOLD,1
DKNG,2027-01-15,75.0,0.06,986,12,61.52382226562501,264,🚬菸屁股,HOLD,1
U,2028-01-21,40.0,6.5,1373,12,76.72142419433594,635,🔭LEAPS,HOLD,1
PATH,2026-05-15,21.0,0.01,4476,12,139.06280468749998,19,🚬菸屁股,HOLD,1
PATH,2028-01-21,8.0,4.95,1243,12,94.87309814453124,635,🔭LEAPS,HOLD,1
PATH,2028-01-21,15.0,2.56,8952,12,72.9494892578125,635,🔭LEAPS,HOLD,1
ACHR,2027-01-15,17.0,0.25,7762,12,92.57819921875,264,🚬菸屁股,HOLD,1
ACHR,2028-01-21,25.0,0.71,904,12,92.187578125,635,🔭LEAPS,HOLD,1
SMR,2026-05-01,15.5,0.09,889,12,127.34411328124997,5,🚬菸屁股,HOLD,1
SMCI,2026-08-21,60.0,0.62,1754,11,86.08412353515625,117,🚬菸屁股,HOLD,1
DKNG,2026-05-15,40.0,0.02,1614,11,95.312546875,19,🚬菸屁股,HOLD,1
PATH,2026-05-15,18.0,0.01,6560,11,103.12548437500001,19,🚬菸屁股,HOLD,1
PATH,2026-05-15,24.0,0.01,2831,11,131.25034374999998,19,🚬菸屁股,HOLD,1
TDOC,2026-05-15,7.0,0.13,4865,11,92.57819921875,19,🚬菸屁股,HOLD,1
OPEN,2026-08-21,11.0,0.3,860,11,109.57076464843752,117,🚬菸屁股,HOLD,1
OPEN,2028-01-21,4.0,3.18,3468,11,106.64109179687502,635,🔭LEAPS,HOLD,1
JOBY,2026-07-17,16.0,0.12,814,11,86.914193359375,82,🚬菸屁股,HOLD,1
ACHR,2028-01-21,4.0,3.19,1686,11,94.726615234375,635,🔭LEAPS,HOLD,1
IBIT,2026-09-18,90.0,0.14,10571,10,54.394987304687504,145,🚬菸屁股,HOLD,1
IBIT,2026-09-18,100.0,0.1,11672,10,57.42230078125,145,🚬菸屁股,HOLD,1
IBIT,2027-01-15,140.0,0.21,28456,10,60.15664843750002,264,🚬菸屁股,HOLD,1
SMCI,2026-05-15,48.0,0.15,1032,10,114.25824121093751,19,🚬菸屁股,HOLD,1
SMCI,2026-09-18,80.0,0.39,1458,10,89.16026464843749,145,🚬菸屁股,HOLD,1
RKLB,2026-05-01,102.0,0.15,819,10,113.37933935546877,5,🚬菸屁股,HOLD,1
ASTS,2026-05-15,160.0,0.29,918,10,147.65651171875,19,🚬菸屁股,HOLD,1
UPST,2027-01-15,125.0,0.75,1947,10,88.5743330078125,264,🚬菸屁股,HOLD,1
SOFI,2026-05-01,30.0,0.01,1249,10,140.625296875,5,🚬菸屁股,HOLD,1
SOFI,2026-07-17,27.0,0.37,2073,10,65.03941210937501,82,🚬菸屁股,HOLD,1
PATH,2026-05-15,17.0,0.04,5728,10,93.7500625,19,🚬菸屁股,HOLD,1
PATH,2026-08-21,30.0,0.04,1353,10,90.62509374999999,117,🚬菸屁股,HOLD,1
TDOC,2027-01-15,7.5,0.81,15887,10,70.117486328125,264,🚬菸屁股,HOLD,1
PACB,2027-01-15,2.0,0.45,5502,10,101.5629921875,264,🚬菸屁股,HOLD,1
HIMS,2028-01-21,65.0,8.35,866,10,96.99710034179687,635,🔭LEAPS,HOLD,1
ACHR,2026-07-17,11.0,0.14,1017,10,91.4063359375,82,🚬菸屁股,HOLD,1
NNE,2027-01-15,90.0,0.69,2282,10,91.16219775390626,264,🚬菸屁股,HOLD,1
IBIT,2026-05-15,64.0,0.02,9835,9,59.375406250000005,19,🚬菸屁股,HOLD,1
COIN,2026-05-15,370.0,0.21,11229,9,106.83640332031253,19,🚬菸屁股,HOLD,1
SOFI,2028-06-16,27.0,5.08,2788,9,69.99541723632812,782,🔭LEAPS,HOLD,1
U,2028-01-21,70.0,2.66,1461,9,73.48659326171875,635,🔭LEAPS,HOLD,1
HOOD,2028-01-21,290.0,4.68,3367,9,67.26106958007814,635,🔭LEAPS,HOLD,1
JOBY,2028-01-21,5.0,5.0,2118,9,90.82040429687498,635,🔭LEAPS,HOLD,1
SMR,2027-01-15,80.0,0.32,10029,9,119.62930810546877,264,🚬菸屁股,HOLD,1
UPST,2026-05-15,50.0,0.35,5507,8,114.94183154296876,19,🚬菸屁股,HOLD,1
SOFI,2026-07-17,35.0,0.13,1880,8,75.00025000000001,82,🚬菸屁股,HOLD,1
SOFI,2028-06-16,32.0,4.18,12809,8,69.36065795898439,782,🔭LEAPS,HOLD,1
SOFI,2028-06-16,37.0,3.5,2266,8,68.21320849609377,782,🔭LEAPS,HOLD,1
DKNG,2028-01-21,25.0,6.65,3690,8,71.11845288085938,635,🔭LEAPS,HOLD,1
DKNG,2028-01-21,30.0,5.66,3351,8,65.02720520019531,635,🔭LEAPS,HOLD,1
U,2026-05-15,45.0,0.1,1431,8,106.64109179687502,19,🚬菸屁股,HOLD,1
PATH,2027-01-15,35.0,0.2,1378,8,87.5977802734375,264,🚬菸屁股,HOLD,1
PATH,2028-01-21,3.0,7.73,957,8,130.46909765624997,635,🔭LEAPS,HOLD,1
HOOD,2026-05-15,140.0,0.07,7495,8,89.45323046875,19,🚬菸屁股,HOLD,1
KTOS,2026-05-15,110.0,0.1,1139,8,110.15669921875002,19,🚬菸屁股,HOLD,1
JOBY,2027-01-15,25.0,0.3,3034,8,91.60164648437501,264,🚬菸屁股,HOLD,1
SMR,2026-05-15,21.0,0.32,1362,8,147.265888671875,19,🚬菸屁股,HOLD,1
NVDA,2028-01-21,310.0,25.5,6813,7,47.42484216308594,635,🔭LEAPS,HOLD,1
IBIT,2028-01-21,80.0,4.6,5678,7,53.8212625732422,635,🔭LEAPS,HOLD,1
IBIT,2028-06-16,50.0,13.3,7886,7,60.52895916748049,782,🔭LEAPS,HOLD,1
SOFI,2026-09-18,47.0,0.14,3311,7,75.7814921875,145,🚬菸屁股,HOLD,1
U,2026-05-15,40.0,0.12,1530,7,102.1489267578125,19,🚬菸屁股,HOLD,1
OPEN,2028-01-21,17.0,3.4,861,7,25.00075,635,🔭LEAPS,HOLD,1
AAPL,2026-05-15,330.0,0.06,6321,6,33.789724609375,19,🚬菸屁股,HOLD,1
IBIT,2027-01-15,135.0,0.19,12072,6,59.08244042968751,264,🚬菸屁股,HOLD,1
IBIT,2028-01-21,62.0,7.5,5496,6,55.34102276611328,635,🔭LEAPS,HOLD,1
SMCI,2026-05-15,46.0,0.16,774,6,109.375453125,19,🚬菸屁股,HOLD,1
SMCI,2028-01-21,38.0,9.5,968,6,85.18081225585938,635,🔭LEAPS,HOLD,1
DKNG,2026-09-18,50.0,0.07,3078,6,60.15664843750002,145,🚬菸屁股,HOLD,1
DKNG,2026-09-18,52.5,0.07,4454,6,67.57844921875001,145,🚬菸屁股,HOLD,1
PATH,2026-05-15,19.0,0.02,4174,6,96.87503124999999,19,🚬菸屁股,HOLD,1
PACB,2028-01-21,5.0,0.6,1318,6,120.11758691406249,635,🔭LEAPS,HOLD,1
HIMS,2028-01-21,45.0,11.6,1190,6,100.12256970214844,635,🔭LEAPS,HOLD,1
JOBY,2026-07-17,13.0,0.28,994,6,79.101771484375,82,🚬菸屁股,HOLD,1
JOBY,2028-01-21,32.0,1.03,8035,6,88.62316064453124,635,🔭LEAPS,HOLD,1
SMR,2026-08-21,30.0,0.53,2769,6,126.46521142578125,117,🚬菸屁股,HOLD,1
AAPL,2026-05-15,400.0,0.01,6877,5,51.562984375,19,🚬菸屁股,HOLD,1
IBIT,2028-01-21,40.0,15.17,9335,5,60.7547869873047,635,🔭LEAPS,HOLD,1
IBIT,2028-06-16,5.0,40.2,6814,5,140.38115747070316,782,🔭LEAPS,HOLD,1
SMCI,2026-05-15,41.0,0.28,1091,5,101.172369140625,19,🚬菸屁股,HOLD,1
SMCI,2026-08-21,65.0,0.42,1229,5,85.8399853515625,117,🚬菸屁股,HOLD,1
SMCI,2026-09-18,90.0,0.25,1537,5,89.74619628906248,145,🚬菸屁股,HOLD,1
SMCI,2028-01-21,55.0,6.26,761,5,77.47825256347657,635,🔭LEAPS,HOLD,1
VST,2026-05-15,220.0,0.54,1793,5,61.62147753906251,19,🚬菸屁股,HOLD,1
SOFI,2026-05-15,31.0,0.03,1775,5,99.2187578125,19,🚬菸屁股,HOLD,1
SOFI,2026-05-15,32.0,0.04,1496,5,101.5629921875,19,🚬菸屁股,HOLD,1
SOFI,2026-05-15,33.0,0.01,4562,5,107.03171484375002,19,🚬菸屁股,HOLD,1
SOFI,2026-05-15,38.0,0.02,961,5,146.09401953124998,19,🚬菸屁股,HOLD,1
DKNG,2026-09-18,45.0,0.21,6209,5,55.469195312500005,145,🚬菸屁股,HOLD,1
DKNG,2028-01-21,37.5,3.3,1238,5,63.92858337402343,635,🔭LEAPS,HOLD,1
PATH,2026-08-21,17.0,0.37,2349,5,77.929908203125,117,🚬菸屁股,HOLD,1
PATH,2026-09-18,20.0,0.29,1857,5,82.226740234375,145,🚬菸屁股,HOLD,1
HOOD,2028-01-21,240.0,8.48,1369,5,68.42072595214846,635,🔭LEAPS,HOLD,1
TDOC,2027-01-15,22.5,0.12,4431,5,88.67198828125,264,🚬菸屁股,HOLD,1
TDOC,2028-01-21,7.0,1.75,1686,5,74.5119736328125,635,🔭LEAPS,HOLD,1
TDOC,2028-01-21,15.0,0.77,967,5,77.00218310546876,635,🔭LEAPS,HOLD,1
BEAM,2028-01-21,50.0,6.2,1974,5,77.50266638183594,635,🔭LEAPS,HOLD,1
ONDS,2028-01-21,25.0,2.5,1320,5,92.82233740234375,635,🔭LEAPS,HOLD,1
JOBY,2026-07-17,17.0,0.1,1010,5,98.437515625,82,🚬菸屁股,HOLD,1
ACHR,2026-07-17,13.0,0.08,760,5,99.60937890625,82,🚬菸屁股,HOLD,1
ACHR,2027-01-15,22.0,0.19,6306,5,97.26565234374999,264,🚬菸屁股,HOLD,1
IBIT,2028-01-21,1.0,41.64,7053,4,0.0,635,🔭LEAPS,HOLD,1
IBIT,2028-01-21,95.0,3.27,6593,4,54.01657312011721,635,🔭LEAPS,HOLD,1
SMCI,2028-01-21,90.0,3.6,3471,4,78.24728784179689,635,🔭LEAPS,HOLD,1
SOFI,2026-07-17,33.0,0.19,1185,4,71.48466015625,82,🚬菸屁股,HOLD,1
DKNG,2026-05-15,42.5,0.03,1912,4,117.96916015624998,19,🚬菸屁股,HOLD,1
DKNG,2026-05-15,45.0,0.01,1626,4,126.56286718749999,19,🚬菸屁股,HOLD,1
DKNG,2026-08-21,32.5,0.76,6314,4,58.350025878906244,117,🚬菸屁股,HOLD,1
DKNG,2028-01-21,65.0,1.51,4530,4,57.32464550781251,635,🔭LEAPS,HOLD,1
PATH,2028-01-21,37.0,0.78,3948,4,75.24438818359374,635,🔭LEAPS,HOLD,1
HOOD,2028-01-21,250.0,6.35,2005,4,67.95686340332033,635,🔭LEAPS,HOLD,1
BEAM,2028-01-21,40.0,9.1,1985,4,79.05294384765625,635,🔭LEAPS,HOLD,1
PACB,2027-01-15,1.5,0.69,3053,4,108.203583984375,264,🚬菸屁股,HOLD,1
PACB,2027-01-15,3.0,0.15,2178,4,110.15669921875002,264,🚬菸屁股,HOLD,1
HIMS,2028-01-21,70.0,8.5,795,4,96.65530688476562,635,🔭LEAPS,HOLD,1
KTOS,2026-05-15,120.0,0.05,1131,4,133.39877050781246,19,🚬菸屁股,HOLD,1
JOBY,2026-08-21,15.0,0.29,1417,4,83.789224609375,117,🚬菸屁股,HOLD,1
JOBY,2027-01-15,27.0,0.27,1443,4,89.062609375,264,🚬菸屁股,HOLD,1
ACHR,2026-05-15,9.0,0.02,1745,4,109.375453125,19,🚬菸屁股,HOLD,1
TSLA,2028-01-21,900.0,21.18,6566,3,53.860935028076184,635,🔭LEAPS,HOLD,1
IBIT,2026-05-15,65.0,0.01,15328,3,60.937890625000016,19,🚬菸屁股,HOLD,1
IBIT,2026-09-18,95.0,0.13,7588,3,55.859816406250005,145,🚬菸屁股,HOLD,1
IBIT,2027-01-15,85.0,0.61,15161,3,49.26808544921876,264,🚬菸屁股,HOLD,1
IBIT,2028-01-21,100.0,2.8,12087,3,53.80905566406251,635,🔭LEAPS,HOLD,1
DKNG,2026-05-15,37.5,0.02,944,3,88.2813671875,19,🚬菸屁股,HOLD,1
DKNG,2026-08-21,35.0,0.34,1767,3,58.057060058593756,117,🚬菸屁股,HOLD,1
DKNG,2026-08-21,42.5,0.11,868,3,63.7698935546875,117,🚬菸屁股,HOLD,1
DKNG,2027-01-15,80.0,0.06,880,3,59.375406250000005,264,🚬菸屁股,HOLD,1
U,2028-01-21,25.0,10.85,1177,3,79.26046130371094,635,🔭LEAPS,HOLD,1
PATH,2027-01-15,22.0,0.57,7718,3,76.75804492187501,264,🚬菸屁股,HOLD,1
PATH,2028-01-21,22.0,1.68,3560,3,73.29128271484375,635,🔭LEAPS,HOLD,1
HOOD,2026-05-15,150.0,0.05,7460,3,92.57819921875,19,🚬菸屁股,HOLD,1
TDOC,2026-05-15,8.0,0.06,954,3,100.78174609374999,19,🚬菸屁股,HOLD,1
TDOC,2026-07-17,15.0,0.05,1443,3,112.89106054687501,82,🚬菸屁股,HOLD,1
TDOC,2027-01-15,25.0,0.11,2670,3,91.79695703125,264,🚬菸屁股,HOLD,1
NTLA,2026-07-17,25.0,0.75,985,3,106.15281298828126,82,🚬菸屁股,HOLD,1
HIMS,2028-01-21,80.0,7.0,1004,3,98.07130834960938,635,🔭LEAPS,HOLD,1
JOBY,2026-07-17,30.0,0.04,1111,3,142.96903515625,82,🚬菸屁股,HOLD,1
TSLA,2026-09-18,940.0,0.71,11604,2,61.597063720703126,145,🚬菸屁股,HOLD,1
IBIT,2026-05-15,120.0,0.01,9929,2,131.25034374999998,19,🚬菸屁股,HOLD,1
IBIT,2026-09-18,105.0,0.13,9615,2,58.8871298828125,145,🚬菸屁股,HOLD,1
IBIT,2028-06-16,65.0,9.36,6067,2,58.197439514160166,782,🔭LEAPS,HOLD,1
COIN,2026-05-15,480.0,0.17,12342,2,128.90660546875,19,🚬菸屁股,HOLD,1
IONQ,2028-01-21,90.0,10.5,1805,2,91.30257720947266,635,🔭LEAPS,HOLD,1
UPST,2028-01-21,80.0,6.87,1140,2,86.40150317382812,635,🔭LEAPS,HOLD,1
SOFI,2026-07-17,29.0,0.27,987,2,67.28548339843752,82,🚬菸屁股,HOLD,1
SOFI,2027-01-15,42.0,0.56,6085,2,68.79914013671876,264,🚬菸屁股,HOLD,1
SOFI,2028-01-21,37.0,2.76,7978,2,68.38410522460939,635,🔭LEAPS,HOLD,1
DKNG,2027-01-15,60.0,0.17,9403,2,61.328511718750015,264,🚬菸屁股,HOLD,1
DKNG,2027-01-15,65.0,0.13,827,2,56.055126953125,264,🚬菸屁股,HOLD,1
DKNG,2028-01-21,20.0,8.44,1218,2,65.820654296875,635,🔭LEAPS,HOLD,1
DKNG,2028-01-21,50.0,1.97,25816,2,59.985751708984395,635,🔭LEAPS,HOLD,1
U,2028-01-21,65.0,3.29,2172,2,72.63210961914062,635,🔭LEAPS,HOLD,1
PATH,2027-01-15,32.0,0.24,1291,2,79.883013671875,264,🚬菸屁股,HOLD,1
HOOD,2026-07-17,160.0,0.5,888,2,69.04327832031252,82,🚬菸屁股,HOLD,1
HOOD,2026-09-18,290.0,0.19,1574,2,84.37515624999999,145,🚬菸屁股,HOLD,1
TDOC,2026-07-17,10.0,0.1,1866,2,82.81267187499999,82,🚬菸屁股,HOLD,1
TDOC,2026-07-17,13.0,0.06,2160,2,105.078599609375,82,🚬菸屁股,HOLD,1
TDOC,2027-01-15,12.5,0.27,1588,2,77.148666015625,264,🚬菸屁股,HOLD,1
TDOC,2028-01-21,3.0,3.52,2244,2,104.19969775390628,635,🔭LEAPS,HOLD,1
TDOC,2028-01-21,17.0,0.65,892,2,84.961087890625,635,🔭LEAPS,HOLD,1
OPEN,2026-08-21,13.0,0.15,1056,2,110.9379453125,117,🚬菸屁股,HOLD,1
OPEN,2028-01-21,3.0,3.45,789,2,135.93782031249998,635,🔭LEAPS,HOLD,1
ONDS,2028-01-21,22.0,2.9,951,2,93.72564868164062,635,🔭LEAPS,HOLD,1
JOBY,2026-07-17,20.0,0.06,1258,2,97.6562734375,82,🚬菸屁股,HOLD,1
JOBY,2026-08-21,12.0,0.52,1630,2,75.97680273437501,117,🚬菸屁股,HOLD,1
JOBY,2027-01-15,32.0,0.23,1111,2,92.773509765625,264,🚬菸屁股,HOLD,1
JOBY,2027-01-15,35.0,0.18,2702,2,97.070341796875,264,🚬菸屁股,HOLD,1
ACHR,2028-01-21,1.0,4.94,855,2,127.34411328124997,635,🔭LEAPS,HOLD,1
SMR,2027-01-15,60.0,0.64,765,2,118.84806201171875,264,🚬菸屁股,HOLD,1
SMR,2027-01-15,65.0,0.49,826,2,117.28556982421874,264,🚬菸屁股,HOLD,1
SMR,2027-01-15,85.0,0.34,2239,2,124.41444042968747,264,🚬菸屁股,HOLD,1
SMR,2028-01-21,3.0,9.86,962,2,88.67198828125,635,🔭LEAPS,HOLD,1
SMR,2028-01-21,23.0,4.48,820,2,106.20164086914063,635,🔭LEAPS,HOLD,1
AAPL,2027-01-15,480.0,0.22,7162,1,28.662822753906248,264,🚬菸屁股,HOLD,1
SMCI,2026-05-15,47.0,0.05,1194,1,111.328568359375,19,🚬菸屁股,HOLD,1
SMCI,2026-05-15,49.0,0.03,1118,1,129.6878515625,19,🚬菸屁股,HOLD,1
SMCI,2026-09-18,70.0,0.45,1549,1,85.69350244140624,145,🚬菸屁股,HOLD,1
SMCI,2026-09-18,75.0,0.35,2351,1,96.72854833984375,145,🚬菸屁股,HOLD,1
SMCI,2026-09-18,85.0,0.27,2564,1,87.30481445312499,145,🚬菸屁股,HOLD,1
UPST,2027-01-15,135.0,0.61,5042,1,88.96495410156248,264,🚬菸屁股,HOLD,1
UPST,2028-01-21,105.0,4.58,900,1,88.07384973144529,635,🔭LEAPS,HOLD,1
SOFI,2026-05-15,35.0,0.03,7558,1,109.375453125,19,🚬菸屁股,HOLD,1
SOFI,2026-05-15,39.0,0.02,1918,1,118.75040625,19,🚬菸屁股,HOLD,1
SOFI,2028-01-21,27.0,4.38,3800,1,69.11651977539064,635,🔭LEAPS,HOLD,1
DKNG,2026-05-15,50.0,0.02,3048,1,118.75040625,19,🚬菸屁股,HOLD,1
DKNG,2026-09-18,47.5,0.16,853,1,57.0316796875,145,🚬菸屁股,HOLD,1
DKNG,2026-09-18,55.0,0.05,2551,1,65.03941210937501,145,🚬菸屁股,HOLD,1
DKNG,2027-01-15,42.0,0.85,1493,1,58.13030151367188,264,🚬菸屁股,HOLD,1
DKNG,2027-01-15,70.0,0.08,3813,1,64.8441015625,264,🚬菸屁股,HOLD,1
DKNG,2028-01-21,40.0,3.15,2957,1,59.72940661621094,635,🔭LEAPS,HOLD,1
DKNG,2028-01-21,42.5,2.86,1680,1,61.52382226562501,635,🔭LEAPS,HOLD,1
DKNG,2028-01-21,60.0,1.35,4670,1,52.368640380859375,635,🔭LEAPS,HOLD,1
U,2026-05-15,33.0,0.51,825,1,95.99613378906248,19,🚬菸屁股,HOLD,1
U,2026-05-15,39.0,0.1,801,1,102.34423828125001,19,🚬菸屁股,HOLD,1
U,2026-05-15,50.0,0.04,4580,1,119.53165234375001,19,🚬菸屁股,HOLD,1
U,2026-08-21,55.0,0.25,5530,1,73.04714453125,117,🚬菸屁股,HOLD,1
U,2027-01-15,70.0,0.7,1251,1,75.04907763671875,264,🚬菸屁股,HOLD,1
U,2027-01-15,75.0,0.62,2054,1,76.02563037109377,264,🚬菸屁股,HOLD,1
U,2028-01-21,75.0,3.1,4927,1,74.31666308593749,635,🔭LEAPS,HOLD,1
PATH,2026-05-15,23.0,0.01,1317,1,134.37532812499998,19,🚬菸屁股,HOLD,1
PATH,2026-05-15,25.0,0.01,13334,1,143.75028125,19,🚬菸屁股,HOLD,1
PATH,2026-08-21,16.0,0.44,1623,1,75.4885263671875,117,🚬菸屁股,HOLD,1
PATH,2027-01-15,27.0,0.37,5179,1,82.61736132812499,264,🚬菸屁股,HOLD,1
HOOD,2026-05-15,155.0,0.01,1947,1,99.60937890625,19,🚬菸屁股,HOLD,1
HOOD,2026-05-15,160.0,0.1,1687,1,103.90673046875003,19,🚬菸屁股,HOLD,1
HOOD,2026-05-15,200.0,0.03,782,1,125.78162109374999,19,🚬菸屁股,HOLD,1
HOOD,2027-01-15,290.0,0.8,3274,1,72.02176416015625,264,🚬菸屁股,HOLD,1
HOOD,2028-01-21,180.0,11.49,1841,1,67.59370785522462,635,🔭LEAPS,HOLD,1
HOOD,2028-01-21,280.0,5.12,1495,1,67.58455267333984,635,🔭LEAPS,HOLD,1
TDOC,2027-01-15,20.0,0.14,20459,1,88.67198828125,264,🚬菸屁股,HOLD,1
OPEN,2028-01-21,2.0,4.04,800,1,96.48441015625,635,🔭LEAPS,HOLD,1
NTLA,2028-01-21,7.5,9.0,922,1,120.3128984375,635,🔭LEAPS,HOLD,1
PACB,2026-09-18,3.0,0.1,1603,1,98.437515625,145,🚬菸屁股,HOLD,1
PACB,2028-01-21,2.0,0.75,4372,1,138.28155859374996,635,🔭LEAPS,HOLD,1
ONDS,2026-05-01,15.0,0.03,1241,1,121.875390625,5,🚬菸屁股,HOLD,1
ONDS,2026-09-18,22.0,0.69,2700,1,99.41406835937501,145,🚬菸屁股,HOLD,1
ONDS,2028-01-21,3.0,8.0,1474,1,105.37156689453124,635,🔭LEAPS,HOLD,1
JOBY,2026-07-17,14.0,0.2,1510,1,80.85956640625,82,🚬菸屁股,HOLD,1
ACHR,2026-07-17,15.0,0.06,1268,1,95.312546875,82,🚬菸屁股,HOLD,1
ACHR,2028-01-21,22.0,0.8,1130,1,92.57819921875,635,🔭LEAPS,HOLD,1
SMR,2026-05-15,22.0,0.11,1729,1,149.21900390624998,19,🚬菸屁股,HOLD,1
SMR,2027-01-15,55.0,0.58,1758,1,115.33245458984376,264,🚬菸屁股,HOLD,1
